  0.0000000E+00  0.0000000E+00  0.0000000E+00
  1.7453292E-02  1.0561364E-06   3.125903    
  3.4906585E-02  7.8638443E-08   2.772135    
  5.2359879E-02  1.5334271E-06   3.135467    
  6.9813170E-02  1.0039909E-06  1.6412696E-02
  8.7266468E-02  9.4564427E-07   3.091577    
  0.1047198      1.5357601E-06  1.5322898E-02
  0.1221731      4.7821591E-06   3.136678    
  0.1396263      1.0951640E-05  3.0094178E-03
  0.1570796      3.4457969E-06   3.132725    
  0.1745329      1.6538244E-06   3.108788    
  0.1919862      1.4717236E-07  0.3428299    
  0.2094395      7.0959743E-07  6.3037224E-02
  0.2268928      3.6533612E-07  0.1619381    
  0.2443461      1.6034923E-07  0.3131092    
  0.2617994      2.3644968E-07  0.4550010    
  0.2792527      7.7791941E-07   3.056726    
  0.2967060      3.4591741E-07  0.2479317    
  0.3141593      6.4467201E-08  -3.022988    
  0.3316126      7.2919090E-07  0.1362847    
  0.3490659      8.9973940E-07   3.039237    
  0.3665192      1.9116992E-06   3.130731    
  0.3839725      1.0941700E-05   3.131677    
  0.4014257      8.9562409E-06 -3.5117734E-03
  0.4188790      1.2521047E-06   3.109900    
  0.4363323      1.1969810E-06  1.3319351E-02
  0.4537856      9.9599640E-07   2.960314    
  0.4712389      9.3494702E-07  7.7973709E-02
  0.4886922      8.5754870E-08   1.941590    
  0.5061455      6.3403297E-07  0.2521379    
  0.5235988      2.0810860E-07  0.4693509    
  0.5410521      6.4612941E-08   1.773799    
  0.5585054      1.3116056E-07   2.065271    
  0.5759587      2.2760631E-07  0.8752171    
  0.5934120      3.9400300E-07  4.0171862E-02
  0.6108653      2.0830873E-06  5.5437610E-02
  0.6283185      4.1164994E-06  1.5357195E-03
  0.6457719      1.2351322E-05   3.138393    
  0.6632251      3.6319891E-06  3.9620299E-02
  0.6806784      1.0049483E-06   3.140037    
  0.6981317      3.1152052E-07  0.3794708    
  0.7155850      1.3165238E-06   2.957428    
  0.7330383      1.4300389E-06  8.0779731E-02
  0.7504916      7.2828577E-08   2.403821    
  0.7679449      8.5684968E-07  9.8850228E-02
  0.7853982      2.8802430E-07  0.6620356    
  0.8028514      6.5060493E-07   2.996524    
  0.8203048      2.0022283E-07  0.2107222    
  0.8377581      3.4767064E-07  0.4567956    
  0.8552114      2.0697580E-06  6.1527003E-02
  0.8726646      1.8404616E-07   1.890800    
  0.8901180      3.3633676E-06  6.0442965E-02
  0.9075713      4.6085879E-06   3.111911    
  0.9250245      1.0530168E-05  6.0210074E-04
  0.9424778      3.6401202E-06   3.136591    
  0.9599311      8.7529969E-07  0.1022720    
  0.9773844      3.1273385E-07  0.2819122    
  0.9948377      8.7276857E-07  4.2643502E-02
   1.012291      1.6867335E-07   1.369955    
   1.029744      4.2239165E-07 -0.1255523    
   1.047198      9.2950853E-07  6.0511127E-02
   1.064651      3.6007484E-07   2.998132    
   1.082104      3.2310149E-07  0.7384897    
   1.099558      1.6703169E-07  -2.864259    
   1.117011      1.3793666E-06 -7.9651721E-02
   1.134464      8.2003538E-07   3.122136    
   1.151917      1.9482620E-06  4.1073676E-02
   1.169371      1.0457964E-05   3.140518    
   1.186824      6.6340531E-06  1.8141109E-02
   1.204277      4.2765416E-07  0.1657319    
   1.221731      2.5141551E-06  2.1465601E-02
   1.239184      1.1770783E-06   3.047241    
   1.256637      3.3335689E-07  0.3091430    
   1.274090      7.2282512E-07 -0.1373464    
   1.291544      1.0657136E-07  1.7263385E-02
   1.308997      9.0051935E-07   2.984830    
   1.326450      9.9842543E-07   3.023057    
   1.343904      3.5580510E-07   2.706094    
   1.361357      1.1765650E-07  -2.985676    
   1.378810      1.6416818E-07   2.084123    
   1.396263      2.0227310E-06 -4.5383509E-02
   1.413717      1.9519152E-06 -2.6605539E-03
   1.431170      1.0893194E-05  -3.131211    
   1.448623      1.1770385E-05  1.4746729E-03
   1.466077      7.5993614E-07   2.993366    
   1.483530      1.7592342E-06   3.092601    
   1.500983      1.3907231E-06  -3.099512    
   1.518437      8.4567614E-07 -0.1752319    
   1.535890      7.6178424E-08   2.764172    
   1.553343      1.2003921E-06 -1.3028578E-03
   1.570796      3.0459893E-07 -0.2873999    
   1.588250      1.1682619E-06   3.035128    
   1.605703      3.3639208E-07   3.117982    
   1.623156      8.3682602E-07  -3.063864    
   1.640610      1.4261375E-06 -8.3906151E-02
   1.658063      2.4269016E-06 -4.5964856E-02
   1.675516      1.1176375E-06  5.0001051E-03
   1.692969      3.3235697E-06  -3.092681    
   1.710423      4.8934885E-06 -9.5190611E-03
   1.727876      3.6130405E-06   3.109967    
   1.745329      2.0507318E-06   3.135285    
   1.762783      4.2666059E-07   2.786408    
   1.780236      8.0472591E-07  7.6012738E-02
   1.797689      1.7812103E-07  0.1417627    
   1.815143      7.7783693E-07 -0.1263370    
   1.832596      5.6973113E-07 -0.1242150    
   1.850049      6.3872346E-07   3.028622    
   1.867502      3.3630377E-07  -2.844482    
   1.884956      3.7292611E-07 -0.1525198    
   1.902409      1.0400288E-06 -2.1416750E-02
   1.919862      4.2766922E-07  -2.846806    
   1.937316      1.5102731E-06  -3.111920    
   1.954769      8.8639172E-06   3.139090    
   1.972222      6.6300977E-06 -1.0068087E-02
   1.989675      1.3353844E-06 -4.5120638E-02
   2.007129      1.9281517E-06 -3.5245385E-02
   2.024582      1.6197822E-06  -3.102562    
   2.042035      5.7524647E-07   3.113359    
   2.059489      1.5984389E-07 -0.1587446    
   2.076942      2.9654382E-07 -0.2683750    
   2.094395      7.4405058E-08  -2.895008    
   2.111848      1.3641012E-07   2.761492    
   2.129302      2.5691085E-07   2.952726    
   2.146755      2.6819907E-07  0.2487037    
   2.164208      3.9180449E-07 -0.2362330    
   2.181662      1.7732563E-06  -3.081818    
   2.199115      2.3304638E-06 -6.2778555E-03
   2.216568      8.6980417E-06  -3.130094    
   2.234021      1.0706947E-05  1.8446115E-03
   2.251475      2.0364662E-06  -3.112855    
   2.268928      5.0304413E-07 -6.4515814E-02
   2.286381      1.7130574E-06  -3.139964    
   2.303835      1.2854304E-06 -9.2709400E-02
   2.321288      1.2690063E-07  -2.853977    
   2.338741      3.0758784E-07  6.3262847E-03
   2.356194      1.1530173E-06  -3.081537    
   2.373648      8.2333406E-07  -2.949786    
   2.391101      3.4033681E-07  -2.929697    
   2.408554      1.7902486E-06   3.127260    
   2.426008      1.3146043E-06  1.9518236E-02
   2.443461      1.0585271E-06  -3.127743    
   2.460914      1.5989430E-06 -2.6837381E-04
   2.478368      1.1076119E-05   3.137777    
   2.495821      9.5984606E-06 -5.4801609E-03
   2.513274      3.8599014E-06   3.123883    
   2.530727      1.3994113E-06 -5.4558128E-02
   2.548181      7.7389404E-07  -3.134925    
   2.565634      6.1095830E-07   3.041174    
   2.583087      1.3827457E-07  -2.769969    
   2.600541      1.5082317E-07  -2.257779    
   2.617994      4.0024395E-07 -0.2342168    
   2.635447      1.1834645E-08  -2.906021    
   2.652900      5.9331768E-07   2.945116    
   2.670354      8.8348209E-08  0.6944884    
   2.687807      1.1968889E-06 -1.6159816E-02
   2.705260      2.2409313E-06  -3.139316    
   2.722714      1.2217556E-06   3.110816    
   2.740167      8.7038143E-06  -3.134469    
   2.757620      1.1385557E-05 -1.4870523E-03
   2.775074      2.0502396E-06  -3.133340    
   2.792527      6.2448713E-08  0.6468853    
   2.809980      5.6435090E-07   3.100081    
   2.827433      5.4735466E-07   3.129111    
   2.844887      1.0081651E-07 -0.4928706    
   2.862340      3.5756099E-07  0.1056012    
   2.879793      6.3462574E-07  -3.141210    
   2.897247      6.6137773E-07   3.134767    
   2.914700      4.4172251E-07   3.045287    
   2.932153      1.0039786E-06   3.113441    
   2.949607      3.4067199E-07 -3.5354506E-02
   2.967060      1.1120599E-06  2.3309641E-02
   2.984513      3.4169036E-06  3.4258447E-03
   3.001966      5.0399954E-06   3.139737    
   3.019420      3.0020267E-06 -1.6198120E-03
   3.036873      7.4310270E-07  -3.135071    
   3.054326      2.4175085E-06   3.138685    
   3.071780      6.7968915E-07  -3.117064    
   3.089233      5.7302316E-07  1.6465243E-02
   3.106686      1.9877278E-07 -1.2105608E-02
   3.124139      5.2863726E-07 -3.2765678E-05
   3.141593      3.4230774E-07   3.106945    
