  0.0000000E+00   3.307985      -1.560855    
  1.7453292E-02   3.307260      -1.560855    
  3.4906585E-02   3.306195      -1.560857    
  5.2359879E-02   3.303281      -1.560855    
  6.9813170E-02   3.300082      -1.560857    
  8.7266468E-02   3.295814      -1.560854    
  0.1047198       3.289937      -1.560854    
  0.1221731       3.281676      -1.560854    
  0.1396263       3.274399      -1.560854    
  0.1570796       3.267370      -1.560854    
  0.1745329       3.258093      -1.560855    
  0.1919862       3.247340      -1.560855    
  0.2094395       3.235517      -1.560857    
  0.2268928       3.223428      -1.560854    
  0.2443461       3.209600      -1.560857    
  0.2617994       3.195270      -1.560859    
  0.2792527       3.179628      -1.560856    
  0.2967060       3.163655      -1.560854    
  0.3141593       3.145911      -1.560857    
  0.3316126       3.127912      -1.560856    
  0.3490659       3.108837      -1.560852    
  0.3665192       3.088423      -1.560856    
  0.3839725       3.065721      -1.560853    
  0.4014257       3.043689      -1.560853    
  0.4188790       3.022086      -1.560855    
  0.4363323       2.998374      -1.560857    
  0.4537856       2.973344      -1.560852    
  0.4712389       2.947305      -1.560854    
  0.4886922       2.920979      -1.560856    
  0.5061455       2.893049      -1.560856    
  0.5235988       2.864803      -1.560858    
  0.5410521       2.835304      -1.560854    
  0.5585054       2.805531      -1.560854    
  0.5759587       2.774124      -1.560856    
  0.5934120       2.742565      -1.560861    
  0.6108653       2.710058      -1.560853    
  0.6283185       2.676288      -1.560856    
  0.6457719       2.640875      -1.560858    
  0.6632251       2.605661      -1.560856    
  0.6806784       2.570877      -1.560855    
  0.6981317       2.534349      -1.560858    
  0.7155850       2.496675      -1.560854    
  0.7330383       2.458186      -1.560858    
  0.7504916       2.419469      -1.560862    
  0.7679449       2.379421      -1.560862    
  0.7853982       2.339100      -1.560857    
  0.8028514       2.297760      -1.560858    
  0.8203048       2.256187      -1.560854    
  0.8377581       2.213318      -1.560857    
  0.8552114       2.170362      -1.560853    
  0.8726646       2.126583      -1.560857    
  0.8901180       2.081836      -1.560857    
  0.9075713       2.035558      -1.560861    
  0.9250245       1.990104      -1.560858    
  0.9424778       1.944487      -1.560855    
  0.9599311       1.897582      -1.560856    
  0.9773844       1.849875      -1.560849    
  0.9948377       1.801550      -1.560860    
   1.012291       1.753089      -1.560859    
   1.029744       1.703684      -1.560857    
   1.047198       1.653992      -1.560854    
   1.064651       1.603627      -1.560853    
   1.082104       1.553117      -1.560861    
   1.099558       1.501732      -1.560863    
   1.117011       1.450208      -1.560864    
   1.134464       1.398184      -1.560856    
   1.151917       1.345469      -1.560851    
   1.169371       1.291865      -1.560854    
   1.186824       1.238754      -1.560861    
   1.204277       1.185507      -1.560869    
   1.221731       1.131527      -1.560860    
   1.239184       1.077006      -1.560864    
   1.256637       1.022198      -1.560869    
   1.274090      0.9672414      -1.560870    
   1.291544      0.9117548      -1.560865    
   1.308997      0.8561749      -1.560870    
   1.326450      0.8002176      -1.560870    
   1.343904      0.7441827      -1.560871    
   1.361357      0.6877173      -1.560873    
   1.378810      0.6312463      -1.560871    
   1.396263      0.5745097      -1.560865    
   1.413717      0.5174680      -1.560879    
   1.431170      0.4601517      -1.560887    
   1.448623      0.4029976      -1.560877    
   1.466077      0.3458272      -1.560858    
   1.483530      0.2883286      -1.560927    
   1.500983      0.2307408      -1.560904    
   1.518437      0.1731313      -1.560914    
   1.535890      0.1154562      -1.560930    
   1.553343      5.7733338E-02  -1.560985    
   1.570796      1.6250407E-05  -3.057688    
   1.588250      5.7740211E-02   1.581029    
   1.605703      0.1154597       1.580852    
   1.623156      0.1731253       1.580795    
   1.640610      0.2307450       1.580783    
   1.658063      0.2883258       1.580784    
   1.675516      0.3458201       1.580825    
   1.692969      0.4029914       1.580773    
   1.710423      0.4601326       1.580764    
   1.727876      0.5174625       1.580781    
   1.745329      0.5745082       1.580780    
   1.762783      0.6312330       1.580752    
   1.780236      0.6877198       1.580776    
   1.797689      0.7441862       1.580764    
   1.815143      0.8002193       1.580762    
   1.832596      0.8561740       1.580761    
   1.850049      0.9117580       1.580747    
   1.867502      0.9672361       1.580763    
   1.884956       1.022181       1.580765    
   1.902409       1.077015       1.580760    
   1.919862       1.131514       1.580751    
   1.937316       1.185488       1.580757    
   1.954769       1.238705       1.580751    
   1.972222       1.291920       1.580751    
   1.989675       1.345562       1.580750    
   2.007129       1.398187       1.580746    
   2.024582       1.450213       1.580743    
   2.042035       1.501712       1.580758    
   2.059489       1.553109       1.580748    
   2.076942       1.603632       1.580755    
   2.094395       1.653996       1.580757    
   2.111848       1.703629       1.580748    
   2.129302       1.753104       1.580748    
   2.146755       1.801571       1.580749    
   2.164208       1.849842       1.580752    
   2.181662       1.897515       1.580750    
   2.199115       1.944458       1.580750    
   2.216568       1.989968       1.580747    
   2.234021       2.035755       1.580747    
   2.251475       2.081787       1.580750    
   2.268928       2.126595       1.580752    
   2.286381       2.170345       1.580750    
   2.303835       2.213359       1.580747    
   2.321288       2.256201       1.580748    
   2.338741       2.297756       1.580748    
   2.356194       2.339092       1.580750    
   2.373648       2.379413       1.580745    
   2.391101       2.419480       1.580744    
   2.408554       2.458202       1.580748    
   2.426008       2.496689       1.580747    
   2.443461       2.534355       1.580746    
   2.460914       2.570854       1.580746    
   2.478368       2.605753       1.580748    
   2.495821       2.640718       1.580747    
   2.513274       2.676351       1.580745    
   2.530727       2.709976       1.580748    
   2.548181       2.742545       1.580743    
   2.565634       2.774140       1.580747    
   2.583087       2.805537       1.580746    
   2.600541       2.835294       1.580749    
   2.617994       2.864802       1.580745    
   2.635447       2.893033       1.580746    
   2.652900       2.920985       1.580745    
   2.670354       2.947269       1.580746    
   2.687807       2.973357       1.580747    
   2.705260       2.998390       1.580743    
   2.722714       3.022137       1.580747    
   2.740167       3.043677       1.580746    
   2.757620       3.065739       1.580747    
   2.775074       3.088310       1.580747    
   2.792527       3.108859       1.580748    
   2.809980       3.127913       1.580743    
   2.827433       3.145930       1.580746    
   2.844887       3.163654       1.580747    
   2.862340       3.179626       1.580747    
   2.879793       3.195276       1.580744    
   2.897247       3.209570       1.580746    
   2.914700       3.223432       1.580747    
   2.932153       3.235522       1.580744    
   2.949607       3.247319       1.580746    
   2.967060       3.258119       1.580744    
   2.984513       3.267369       1.580747    
   3.001966       3.274276       1.580744    
   3.019420       3.281740       1.580744    
   3.036873       3.289913       1.580747    
   3.054326       3.295778       1.580745    
   3.071780       3.300022       1.580745    
   3.089233       3.303232       1.580744    
   3.106686       3.306196       1.580744    
   3.124139       3.307256       1.580743    
   3.141593       3.307987       1.580750    
