  0.0000000E+00   12.53426      -1.555518    
  1.7453292E-02   12.53245      -1.555519    
  3.4906585E-02   12.52651      -1.555520    
  5.2359879E-02   12.51720      -1.555519    
  6.9813170E-02   12.50368      -1.555519    
  8.7266468E-02   12.48546      -1.555519    
  0.1047198       12.46680      -1.555518    
  0.1221731       12.43855      -1.555510    
  0.1396263       12.41383      -1.555517    
  0.1570796       12.38370      -1.555519    
  0.1745329       12.34329      -1.555518    
  0.1919862       12.30394      -1.555518    
  0.2094395       12.26032      -1.555518    
  0.2268928       12.21279      -1.555518    
  0.2443461       12.16211      -1.555518    
  0.2617994       12.10714      -1.555519    
  0.2792527       12.04892      -1.555518    
  0.2967060       11.98643      -1.555519    
  0.3141593       11.92088      -1.555520    
  0.3316126       11.85109      -1.555519    
  0.3490659       11.77786      -1.555519    
  0.3665192       11.70001      -1.555518    
  0.3839725       11.62308      -1.555516    
  0.4014257       11.53921      -1.555517    
  0.4188790       11.45169      -1.555520    
  0.4363323       11.35945      -1.555518    
  0.4537856       11.26554      -1.555518    
  0.4712389       11.16817      -1.555519    
  0.4886922       11.06699      -1.555520    
  0.5061455       10.96286      -1.555519    
  0.5235988       10.85496      -1.555517    
  0.5410521       10.74417      -1.555520    
  0.5585054       10.62952      -1.555520    
  0.5759587       10.51156      -1.555521    
  0.5934120       10.39128      -1.555519    
  0.6108653       10.26691      -1.555520    
  0.6283185       10.14360      -1.555520    
  0.6457719       10.01209      -1.555520    
  0.6632251       9.875930      -1.555511    
  0.6806784       9.741845      -1.555519    
  0.6981317       9.601104      -1.555517    
  0.7155850       9.459761      -1.555521    
  0.7330383       9.314771      -1.555518    
  0.7504916       9.166871      -1.555519    
  0.7679449       9.016523      -1.555519    
  0.7853982       8.863031      -1.555516    
  0.8028514       8.706961      -1.555519    
  0.8203048       8.548284      -1.555516    
  0.8377581       8.387029      -1.555520    
  0.8552114       8.222893      -1.555520    
  0.8726646       8.056271      -1.555518    
  0.8901180       7.890595      -1.555526    
  0.9075713       7.715506      -1.555515    
  0.9250245       7.544513      -1.555517    
  0.9424778       7.369583      -1.555523    
  0.9599311       7.189019      -1.555520    
  0.9773844       7.009127      -1.555518    
  0.9948377       6.826560      -1.555521    
   1.012291       6.642012      -1.555517    
   1.029744       6.455743      -1.555519    
   1.047198       6.267167      -1.555524    
   1.064651       6.076837      -1.555519    
   1.082104       5.884475      -1.555520    
   1.099558       5.690266      -1.555519    
   1.117011       5.494476      -1.555523    
   1.134464       5.296970      -1.555517    
   1.151917       5.098776      -1.555524    
   1.169371       4.898600      -1.555524    
   1.186824       4.695680      -1.555516    
   1.204277       4.491854      -1.555519    
   1.221731       4.286580      -1.555519    
   1.239184       4.080737      -1.555528    
   1.256637       3.873317      -1.555521    
   1.274090       3.664525      -1.555516    
   1.291544       3.454866      -1.555518    
   1.308997       3.244150      -1.555517    
   1.326450       3.032336      -1.555523    
   1.343904       2.819596      -1.555521    
   1.361357       2.606047      -1.555528    
   1.378810       2.391545      -1.555525    
   1.396263       2.176183      -1.555509    
   1.413717       1.961491      -1.555523    
   1.431170       1.744887      -1.555539    
   1.448623       1.527486      -1.555521    
   1.466077       1.310177      -1.555514    
   1.483530       1.092521      -1.555550    
   1.500983      0.8744341      -1.555536    
   1.518437      0.6559074      -1.555538    
   1.535890      0.4374781      -1.555544    
   1.553343      0.2187493      -1.555576    
   1.570796      2.9486115E-05  -2.084715    
   1.588250      0.2187596       1.586142    
   1.605703      0.4374829       1.586127    
   1.623156      0.6559243       1.586120    
   1.640610      0.8744391       1.586095    
   1.658063       1.092560       1.586091    
   1.675516       1.310162       1.586097    
   1.692969       1.527037       1.586096    
   1.710423       1.744248       1.586086    
   1.727876       1.961534       1.586086    
   1.745329       2.176282       1.586094    
   1.762783       2.391525       1.586091    
   1.780236       2.606039       1.586079    
   1.797689       2.819584       1.586080    
   1.815143       3.032266       1.586079    
   1.832596       3.244175       1.586082    
   1.850049       3.454959       1.586078    
   1.867502       3.664702       1.586082    
   1.884956       3.873200       1.586077    
   1.902409       4.080770       1.586078    
   1.919862       4.286684       1.586079    
   1.937316       4.491788       1.586074    
   1.954769       4.695961       1.586081    
   1.972222       4.897945       1.586079    
   1.989675       5.099712       1.586074    
   2.007129       5.296773       1.586075    
   2.024582       5.494422       1.586075    
   2.042035       5.690447       1.586076    
   2.059489       5.884475       1.586078    
   2.076942       6.076716       1.586074    
   2.094395       6.267150       1.586074    
   2.111848       6.455584       1.586077    
   2.129302       6.642074       1.586075    
   2.146755       6.826640       1.586078    
   2.164208       7.008939       1.586077    
   2.181662       7.188943       1.586077    
   2.199115       7.369341       1.586075    
   2.216568       7.544179       1.586081    
   2.234021       7.718204       1.586076    
   2.251475       7.888874       1.586076    
   2.268928       8.056351       1.586079    
   2.286381       8.222972       1.586081    
   2.303835       8.387069       1.586079    
   2.321288       8.548305       1.586079    
   2.338741       8.707124       1.586076    
   2.356194       8.863154       1.586078    
   2.373648       9.016498       1.586076    
   2.391101       9.166868       1.586077    
   2.408554       9.314748       1.586078    
   2.426008       9.459598       1.586076    
   2.443461       9.601184       1.586077    
   2.460914       9.741724       1.586078    
   2.478368       9.878751       1.586079    
   2.495821       10.01121       1.586077    
   2.513274       10.14108       1.586074    
   2.530727       10.26687       1.586077    
   2.548181       10.39101       1.586080    
   2.565634       10.51212       1.586078    
   2.583087       10.62960       1.586076    
   2.600541       10.74389       1.586078    
   2.617994       10.85498       1.586077    
   2.635447       10.96278       1.586078    
   2.652900       11.06702       1.586075    
   2.670354       11.16808       1.586076    
   2.687807       11.26546       1.586077    
   2.705260       11.35900       1.586078    
   2.722714       11.45078       1.586073    
   2.740167       11.53930       1.586078    
   2.757620       11.62310       1.586079    
   2.775074       11.70290       1.586077    
   2.792527       11.77749       1.586077    
   2.809980       11.85131       1.586074    
   2.827433       11.92014       1.586076    
   2.844887       11.98675       1.586077    
   2.862340       12.04888       1.586076    
   2.879793       12.10729       1.586076    
   2.897247       12.16224       1.586076    
   2.914700       12.21283       1.586079    
   2.932153       12.26033       1.586075    
   2.949607       12.30384       1.586076    
   2.967060       12.34347       1.586079    
   2.984513       12.38370       1.586075    
   3.001966       12.40989       1.586086    
   3.019420       12.43785       1.586086    
   3.036873       12.46677       1.586079    
   3.054326       12.48602       1.586075    
   3.071780       12.50359       1.586076    
   3.089233       12.51677       1.586075    
   3.106686       12.52651       1.586076    
   3.124139       12.53261       1.586076    
   3.141593       12.53449       1.586076    
