  0.0000000E+00  0.0000000E+00  0.0000000E+00
  1.7453292E-02  0.1120518      -1.491490    
  3.4906585E-02  0.2240716      -1.491489    
  5.2359879E-02  0.3360242      -1.491489    
  6.9813170E-02  0.4478712      -1.491489    
  8.7266468E-02  0.5595776      -1.491490    
  0.1047198      0.6711246      -1.491489    
  0.1221731      0.7825078      -1.491490    
  0.1396263      0.8935748      -1.491490    
  0.1570796       1.004369      -1.491490    
  0.1745329       1.114901      -1.491490    
  0.1919862       1.225073      -1.491490    
  0.2094395       1.334901      -1.491489    
  0.2268928       1.444294      -1.491489    
  0.2443461       1.553248      -1.491489    
  0.2617994       1.661739      -1.491489    
  0.2792527       1.769716      -1.491489    
  0.2967060       1.877172      -1.491489    
  0.3141593       1.984056      -1.491489    
  0.3316126       2.090315      -1.491489    
  0.3490659       2.195927      -1.491490    
  0.3665192       2.300889      -1.491489    
  0.3839725       2.405285      -1.491490    
  0.4014257       2.508811      -1.491490    
  0.4188790       2.611447      -1.491489    
  0.4363323       2.713399      -1.491490    
  0.4537856       2.814563      -1.491490    
  0.4712389       2.914870      -1.491489    
  0.4886922       3.014243      -1.491489    
  0.5061455       3.112698      -1.491489    
  0.5235988       3.210235      -1.491490    
  0.5410521       3.306779      -1.491490    
  0.5585054       3.402334      -1.491489    
  0.5759587       3.496868      -1.491490    
  0.5934120       3.590261      -1.491490    
  0.6108653       3.682621      -1.491490    
  0.6283185       3.773846      -1.491490    
  0.6457719       3.864153      -1.491489    
  0.6632251       3.953046      -1.491489    
  0.6806784       4.040546      -1.491489    
  0.6981317       4.127007      -1.491490    
  0.7155850       4.212223      -1.491489    
  0.7330383       4.296182      -1.491489    
  0.7504916       4.378771      -1.491489    
  0.7679449       4.460058      -1.491489    
  0.7853982       4.539956      -1.491490    
  0.8028514       4.618488      -1.491490    
  0.8203048       4.695657      -1.491489    
  0.8377581       4.771372      -1.491489    
  0.8552114       4.845635      -1.491489    
  0.8726646       4.918371      -1.491490    
  0.8901180       4.989627      -1.491490    
  0.9075713       5.059620      -1.491490    
  0.9250245       5.127927      -1.491489    
  0.9424778       5.194239      -1.491490    
  0.9599311       5.259334      -1.491490    
  0.9773844       5.322776      -1.491490    
  0.9948377       5.384699      -1.491490    
   1.012291       5.444890      -1.491489    
   1.029744       5.503401      -1.491489    
   1.047198       5.560294      -1.491489    
   1.064651       5.615461      -1.491490    
   1.082104       5.668970      -1.491490    
   1.099558       5.720664      -1.491490    
   1.117011       5.770705      -1.491490    
   1.134464       5.818916      -1.491490    
   1.151917       5.865408      -1.491489    
   1.169371       5.910390      -1.491489    
   1.186824       5.953018      -1.491490    
   1.204277       5.994019      -1.491490    
   1.221731       6.033271      -1.491490    
   1.239184       6.070741      -1.491489    
   1.256637       6.106300      -1.491489    
   1.274090       6.139961      -1.491490    
   1.291544       6.171749      -1.491489    
   1.308997       6.201732      -1.491490    
   1.326450       6.229737      -1.491490    
   1.343904       6.255929      -1.491490    
   1.361357       6.280223      -1.491490    
   1.378810       6.302483      -1.491490    
   1.396263       6.322937      -1.491490    
   1.413717       6.341433      -1.491490    
   1.431170       6.358293      -1.491490    
   1.448623       6.372931      -1.491490    
   1.466077       6.385307      -1.491489    
   1.483530       6.396038      -1.491490    
   1.500983       6.404893      -1.491489    
   1.518437       6.411717      -1.491489    
   1.535890       6.416597      -1.491489    
   1.553343       6.419480      -1.491490    
   1.570796       6.420465      -1.491490    
   1.588250       6.419476      -1.491490    
   1.605703       6.416588      -1.491489    
   1.623156       6.411699      -1.491490    
   1.640610       6.404867      -1.491490    
   1.658063       6.396021      -1.491490    
   1.675516       6.385311      -1.491489    
   1.692969       6.372591      -1.491490    
   1.710423       6.358251      -1.491490    
   1.727876       6.341403      -1.491490    
   1.745329       6.322910      -1.491490    
   1.762783       6.302558      -1.491490    
   1.780236       6.280215      -1.491489    
   1.797689       6.255930      -1.491490    
   1.815143       6.229742      -1.491490    
   1.832596       6.201733      -1.491490    
   1.850049       6.171739      -1.491490    
   1.867502       6.139948      -1.491490    
   1.884956       6.106266      -1.491489    
   1.902409       6.070710      -1.491489    
   1.919862       6.033280      -1.491490    
   1.937316       5.994058      -1.491489    
   1.954769       5.953234      -1.491490    
   1.972222       5.910089      -1.491490    
   1.989675       5.865393      -1.491490    
   2.007129       5.818931      -1.491490    
   2.024582       5.770745      -1.491489    
   2.042035       5.720726      -1.491489    
   2.059489       5.668973      -1.491490    
   2.076942       5.615458      -1.491490    
   2.094395       5.560289      -1.491489    
   2.111848       5.503404      -1.491489    
   2.129302       5.444880      -1.491490    
   2.146755       5.384702      -1.491489    
   2.164208       5.322865      -1.491489    
   2.181662       5.259361      -1.491490    
   2.199115       5.194258      -1.491490    
   2.216568       5.127895      -1.491490    
   2.234021       5.059675      -1.491489    
   2.251475       4.989650      -1.491489    
   2.268928       4.918348      -1.491490    
   2.286381       4.845610      -1.491489    
   2.303835       4.771387      -1.491489    
   2.321288       4.695664      -1.491489    
   2.338741       4.618484      -1.491490    
   2.356194       4.539957      -1.491489    
   2.373648       4.460020      -1.491490    
   2.391101       4.378774      -1.491489    
   2.408554       4.296179      -1.491490    
   2.426008       4.212225      -1.491490    
   2.443461       4.126986      -1.491490    
   2.460914       4.040544      -1.491489    
   2.478368       3.953088      -1.491489    
   2.495821       3.863970      -1.491490    
   2.513274       3.773849      -1.491489    
   2.530727       3.682641      -1.491490    
   2.548181       3.590316      -1.491489    
   2.565634       3.496871      -1.491490    
   2.583087       3.402339      -1.491490    
   2.600541       3.306783      -1.491489    
   2.617994       3.210229      -1.491489    
   2.635447       3.112697      -1.491490    
   2.652900       3.014246      -1.491489    
   2.670354       2.914855      -1.491490    
   2.687807       2.814580      -1.491489    
   2.705260       2.713416      -1.491490    
   2.722714       2.611454      -1.491489    
   2.740167       2.508830      -1.491490    
   2.757620       2.405304      -1.491490    
   2.775074       2.300891      -1.491489    
   2.792527       2.195932      -1.491490    
   2.809980       2.090294      -1.491490    
   2.827433       1.984056      -1.491489    
   2.844887       1.877167      -1.491490    
   2.862340       1.769716      -1.491489    
   2.879793       1.661743      -1.491489    
   2.897247       1.553246      -1.491490    
   2.914700       1.444291      -1.491490    
   2.932153       1.334900      -1.491489    
   2.949607       1.225089      -1.491490    
   2.967060       1.114904      -1.491490    
   2.984513       1.004370      -1.491490    
   3.001966      0.8935794      -1.491490    
   3.019420      0.7824762      -1.491490    
   3.036873      0.6711202      -1.491489    
   3.054326      0.5595765      -1.491490    
   3.071780      0.4478716      -1.491489    
   3.089233      0.3360220      -1.491490    
   3.106686      0.2240709      -1.491490    
   3.124139      0.1120520      -1.491490    
   3.141593      3.8577200E-06   1.659439    
