  0.0000000E+00   1.965496      -1.568767    
  1.7453292E-02   1.963668      -1.568761    
  3.4906585E-02   1.964081      -1.568761    
  5.2359879E-02   1.962008      -1.568761    
  6.9813170E-02   1.959370      -1.568759    
  8.7266468E-02   1.957212      -1.568765    
  0.1047198       1.956704      -1.568761    
  0.1221731       1.952563      -1.568767    
  0.1396263       1.948478      -1.568762    
  0.1570796       1.943246      -1.568767    
  0.1745329       1.934782      -1.568763    
  0.1919862       1.928046      -1.568757    
  0.2094395       1.921754      -1.568767    
  0.2268928       1.914918      -1.568761    
  0.2443461       1.905735      -1.568762    
  0.2617994       1.898539      -1.568762    
  0.2792527       1.887968      -1.568760    
  0.2967060       1.879410      -1.568758    
  0.3141593       1.868558      -1.568763    
  0.3316126       1.857141      -1.568759    
  0.3490659       1.846153      -1.568760    
  0.3665192       1.836699      -1.568763    
  0.3839725       1.824313      -1.568761    
  0.4014257       1.811144      -1.568760    
  0.4188790       1.797482      -1.568758    
  0.4363323       1.780531      -1.568757    
  0.4537856       1.765353      -1.568762    
  0.4712389       1.750534      -1.568766    
  0.4886922       1.735225      -1.568760    
  0.5061455       1.717796      -1.568763    
  0.5235988       1.702181      -1.568759    
  0.5410521       1.683524      -1.568758    
  0.5585054       1.666716      -1.568761    
  0.5759587       1.647812      -1.568759    
  0.5934120       1.628351      -1.568763    
  0.6108653       1.609360      -1.568756    
  0.6283185       1.591651      -1.568762    
  0.6457719       1.571810      -1.568767    
  0.6632251       1.550674      -1.568759    
  0.6806784       1.529112      -1.568759    
  0.6981317       1.504967      -1.568769    
  0.7155850       1.482345      -1.568765    
  0.7330383       1.460038      -1.568763    
  0.7504916       1.437329      -1.568760    
  0.7679449       1.412796      -1.568754    
  0.7853982       1.389830      -1.568760    
  0.8028514       1.364299      -1.568767    
  0.8203048       1.340294      -1.568765    
  0.8377581       1.314687      -1.568771    
  0.8552114       1.288556      -1.568766    
  0.8726646       1.262903      -1.568761    
  0.8901180       1.238057      -1.568768    
  0.9075713       1.211194      -1.568761    
  0.9250245       1.184457      -1.568761    
  0.9424778       1.156576      -1.568760    
  0.9599311       1.126857      -1.568765    
  0.9773844       1.098313      -1.568771    
  0.9948377       1.070013      -1.568753    
   1.012291       1.041475      -1.568765    
   1.029744       1.011564      -1.568762    
   1.047198      0.9826977      -1.568760    
   1.064651      0.9521956      -1.568747    
   1.082104      0.9226247      -1.568773    
   1.099558      0.8920067      -1.568756    
   1.117011      0.8610433      -1.568753    
   1.134464      0.8303344      -1.568754    
   1.151917      0.8001347      -1.568764    
   1.169371      0.7687714      -1.568771    
   1.186824      0.7372165      -1.568761    
   1.204277      0.7051865      -1.568760    
   1.221731      0.6719128      -1.568756    
   1.239184      0.6394320      -1.568754    
   1.256637      0.6070728      -1.568741    
   1.274090      0.5746659      -1.568772    
   1.291544      0.5414373      -1.568753    
   1.308997      0.5087095      -1.568743    
   1.326450      0.4751232      -1.568753    
   1.343904      0.4420817      -1.568751    
   1.361357      0.4085382      -1.568741    
   1.378810      0.3747929      -1.568762    
   1.396263      0.3411846      -1.568756    
   1.413717      0.3076692      -1.568740    
   1.431170      0.2738554      -1.568773    
   1.448623      0.2397696      -1.568737    
   1.466077      0.2057995      -1.568792    
   1.483530      0.1712149      -1.568739    
   1.500983      0.1369868      -1.568754    
   1.518437      0.1027677      -1.568762    
   1.535890      6.8616360E-02  -1.568796    
   1.553343      3.4276851E-02  -1.568681    
   1.570796      8.2888946E-06  0.1245502    
   1.588250      3.4277104E-02   1.572996    
   1.605703      6.8619341E-02   1.572964    
   1.623156      0.1027677       1.572732    
   1.640610      0.1369919       1.572824    
   1.658063      0.1711732       1.572781    
   1.675516      0.2057991       1.572788    
   1.692969      0.2397639       1.572815    
   1.710423      0.2737751       1.572814    
   1.727876      0.3076359       1.572842    
   1.745329      0.3412063       1.572852    
   1.762783      0.3747868       1.572819    
   1.780236      0.4085371       1.572820    
   1.797689      0.4420853       1.572851    
   1.815143      0.4751191       1.572834    
   1.832596      0.5087087       1.572858    
   1.850049      0.5413657       1.572833    
   1.867502      0.5746091       1.572828    
   1.884956      0.6070671       1.572834    
   1.902409      0.6394475       1.572823    
   1.919862      0.6718948       1.572819    
   1.937316      0.7052431       1.572829    
   1.954769      0.7370999       1.572816    
   1.972222      0.7688301       1.572836    
   1.989675      0.8001820       1.572821    
   2.007129      0.8302866       1.572822    
   2.024582      0.8610139       1.572827    
   2.042035      0.8919979       1.572836    
   2.059489      0.9226138       1.572825    
   2.076942      0.9521798       1.572832    
   2.094395      0.9827447       1.572824    
   2.111848       1.011554       1.572832    
   2.129302       1.041476       1.572829    
   2.146755       1.070003       1.572831    
   2.164208       1.098286       1.572832    
   2.181662       1.126808       1.572828    
   2.199115       1.156582       1.572826    
   2.216568       1.184138       1.572830    
   2.234021       1.211665       1.572818    
   2.251475       1.238058       1.572827    
   2.268928       1.262883       1.572831    
   2.286381       1.288611       1.572824    
   2.303835       1.314688       1.572826    
   2.321288       1.340298       1.572826    
   2.338741       1.364297       1.572839    
   2.356194       1.389755       1.572824    
   2.373648       1.412772       1.572833    
   2.391101       1.437333       1.572830    
   2.408554       1.460028       1.572827    
   2.426008       1.482342       1.572827    
   2.443461       1.504964       1.572828    
   2.460914       1.529090       1.572826    
   2.478368       1.550926       1.572827    
   2.495821       1.571480       1.572832    
   2.513274       1.591522       1.572826    
   2.530727       1.609336       1.572829    
   2.548181       1.628312       1.572825    
   2.565634       1.647762       1.572833    
   2.583087       1.666676       1.572832    
   2.600541       1.683698       1.572834    
   2.617994       1.702172       1.572824    
   2.635447       1.717717       1.572828    
   2.652900       1.735243       1.572832    
   2.670354       1.750529       1.572831    
   2.687807       1.765299       1.572826    
   2.705260       1.780497       1.572827    
   2.722714       1.797538       1.572826    
   2.740167       1.811145       1.572831    
   2.757620       1.824319       1.572836    
   2.775074       1.836744       1.572826    
   2.792527       1.846170       1.572830    
   2.809980       1.857112       1.572825    
   2.827433       1.868595       1.572824    
   2.844887       1.879359       1.572833    
   2.862340       1.887972       1.572835    
   2.879793       1.898521       1.572825    
   2.897247       1.905703       1.572833    
   2.914700       1.914996       1.572827    
   2.932153       1.921746       1.572829    
   2.949607       1.928159       1.572832    
   2.967060       1.934781       1.572829    
   2.984513       1.943247       1.572827    
   3.001966       1.947896       1.572826    
   3.019420       1.952824       1.572827    
   3.036873       1.956687       1.572832    
   3.054326       1.957143       1.572832    
   3.071780       1.959307       1.572828    
   3.089233       1.961999       1.572830    
   3.106686       1.964078       1.572826    
   3.124139       1.963663       1.572834    
   3.141593       1.965461       1.572830    
