  0.0000000E+00  0.0000000E+00  0.0000000E+00
  1.7453292E-02  2.4123283E-04 -7.3780793E-06
  3.4906585E-02  1.0504832E-04 -1.0742638E-04
  5.2359879E-02  1.0789348E-04 -1.6625425E-05
  6.9813170E-02  1.5854083E-04   3.141564    
  8.7266468E-02  9.6119293E-05 -3.6226931E-05
  0.1047198      5.9502283E-05   3.141429    
  0.1221731      1.1350186E-04   3.141574    
  0.1396263      4.8365018E-05 -3.5040293E-04
  0.1570796      8.7761582E-05  6.7782283E-05
  0.1745329      7.9153375E-05  -3.141557    
  0.1919862      7.0761293E-05  3.5364228E-05
  0.2094395      8.5206266E-05   3.141485    
  0.2268928      7.6690318E-05  -3.141568    
  0.2443461      2.0480176E-04   3.141587    
  0.2617994      2.9430401E-08  0.1180841    
  0.2792527      2.1008047E-04  3.3421238E-05
  0.2967060      1.3907241E-04  7.6096359E-05
  0.3141593      1.0506151E-04 -1.4777263E-04
  0.3316126      8.7688284E-05  -3.141541    
  0.3490659      9.8961027E-05 -1.1641132E-06
  0.3665192      8.7786240E-05  -3.141564    
  0.3839725      3.9908140E-05   3.141369    
  0.4014257      4.5592526E-05  3.6337071E-05
  0.4188790      8.2105398E-05 -1.8704177E-05
  0.4363323      8.4787345E-05   3.141529    
  0.4537856      2.6716557E-06 -2.2183354E-04
  0.4712389      1.0789998E-04  -3.141511    
  0.4886922      1.0790567E-04  -3.141488    
  0.5061455      2.1330955E-04  -3.141558    
  0.5235988      5.6912245E-06   3.141309    
  0.5410521      2.0764864E-04 -1.9351524E-05
  0.5585054      1.3623586E-04  2.8050676E-05
  0.5759587      2.2404602E-04  1.0140043E-04
  0.5934120      9.6213131E-05   3.141510    
  0.6108653      9.6090283E-05  8.7102735E-06
  0.6283185      7.9263460E-05  -3.141505    
  0.6457719      5.6860401E-05  -3.141566    
  0.6632251      1.5607660E-04 -2.3661007E-05
  0.6806784      7.3618736E-05 -1.4378819E-04
  0.6981317      8.6827422E-06  3.6646481E-04
  0.7155850      1.6414971E-04  2.5340358E-05
  0.7330383      2.4952495E-04   3.141590    
  0.7504916      1.0520360E-04   3.141531    
  0.7679449      2.4405382E-04  -3.141587    
  0.7853982      1.5694908E-08  -2.727519    
  0.8028514      2.4690988E-04 -4.5186429E-05
  0.8203048      1.4470391E-04  1.2546103E-05
  0.8377581      2.8648035E-04 -1.1519479E-05
  0.8552114      9.0560679E-05  -3.141567    
  0.8726646      5.8329729E-06   3.141475    
  0.8901180      7.0836548E-05   3.141568    
  0.9075713      1.3055206E-04   3.141474    
  0.9250245      8.2415834E-05 -3.2773842E-05
  0.9424778      7.9251971E-05  2.2771303E-05
  0.9599311      9.0461697E-05  -3.141587    
  0.9773844      9.3366354E-05 -1.8489643E-05
  0.9948377      2.4385884E-04  -3.141492    
   1.012291      1.1918825E-04   3.141549    
   1.029744      2.0479951E-04   3.141532    
   1.047198      3.6735411E-05  4.9854658E-04
   1.064651      2.2703383E-04  6.7610985E-05
   1.082104      9.0991118E-05  6.0159975E-05
   1.099558      1.3624397E-04  7.4562056E-05
   1.117011      1.0190489E-04   3.141512    
   1.134464      8.4811989E-05 -4.5641980E-05
   1.151917      7.3676951E-05  -3.141593    
   1.169371      2.0121091E-05   3.141324    
   1.186824      4.2710133E-05 -3.6686833E-06
   1.204277      8.7760149E-05  9.9640447E-06
   1.221731      8.6482833E-06  1.6850830E-04
   1.239184      5.6761772E-05  -3.141591    
   1.256637      1.6454111E-04  -3.141580    
   1.274090      1.3339442E-04  -3.141574    
   1.291544      2.1615393E-04   3.141572    
   1.308997      1.1328943E-05  -3.141172    
   1.326450      2.0191811E-04  1.0506110E-05
   1.343904      1.1942868E-04 -2.4426105E-05
   1.361357      1.5612344E-04 -1.0194259E-05
   1.378810      7.3531373E-05  -3.141582    
   1.396263      2.5470323E-05   3.141559    
   1.413717      9.0654990E-05   3.141530    
   1.431170      4.5554083E-05   3.141559    
   1.448623      2.5779640E-05  4.2375363E-04
   1.466077      6.5142063E-05 -1.1087779E-04
   1.483530      5.8091346E-06  3.0140724E-04
   1.500983      7.6680699E-05 -6.2522471E-05
   1.518437      2.2396410E-04  -3.141546    
   1.535890      1.3063864E-04   3.141549    
   1.553343      2.1292311E-04   3.141585    
   1.570796      2.2703261E-05   3.141330    
   1.588250      2.4127077E-04  2.0134003E-05
   1.605703      1.3339207E-04  4.0913055E-05
   1.623156      2.2106839E-04 -4.4056138E-05
   1.640610      9.6533317E-05  -3.141511    
   1.658063      6.7781395E-05  2.2537672E-05
   1.675516      4.8121135E-05  -3.141584    
   1.692969      1.1917776E-04   3.141528    
   1.710423      1.0501231E-04  6.8067115E-05
   1.727876      8.7735556E-05  1.0604447E-04
   1.745329      5.6425546E-05  -3.141546    
   1.762783      4.8074700E-05 -2.2197828E-05
   1.780236      1.0216029E-04  -3.141560    
   1.797689      1.2489522E-04  -3.141554    
   1.815143      2.7284535E-04  -3.141592    
   1.832596      1.3324089E-08 -0.7949364    
   1.850049      2.1288113E-04  1.6604172E-05
   1.867502      1.4201042E-04 -1.4215814E-05
   1.884956      1.4478344E-04 -4.2110400E-06
   1.902409      8.7729961E-05   3.141577    
   1.919862      8.6625168E-06  -3.141573    
   1.937316      1.4138777E-05  -3.141424    
   1.954769      2.8601522E-05   3.141507    
   1.972222      5.4108423E-05  5.6119516E-05
   1.989675      9.3539034E-05  3.0988640E-06
   2.007129      1.4140388E-05 -3.3679081E-04
   2.024582      5.9398793E-05  1.0504204E-04
   2.042035      1.6181931E-04   3.141524    
   2.059489      2.0163481E-05   3.141358    
   2.076942      2.3587988E-04   3.141525    
   2.094395      5.6628378E-06   3.137757    
   2.111848      1.5662532E-04  8.0563426E-05
   2.129302      1.2496782E-04  3.8497976E-05
   2.146755      7.9566635E-05 -2.8636548E-04
   2.164208      6.5300330E-05 -1.1599326E-05
   2.181662      3.9401202E-05 -8.4539155E-05
   2.199115      7.6510390E-05   3.141560    
   2.216568      3.7030637E-05  -3.141518    
   2.234021      8.7351837E-06  1.8204279E-03
   2.251475      6.5168439E-05  3.5923807E-05
   2.268928      8.6456821E-06  4.4918172E-05
   2.286381      1.1037772E-04 -1.9411471E-05
   2.303835      2.3536304E-04  -3.141581    
   2.321288      1.2213108E-04  -3.141575    
   2.338741      2.6674115E-04  -3.141561    
   2.356194      2.8257395E-05  -3.141272    
   2.373648      2.6672863E-04 -4.8317384E-06
   2.391101      1.2216048E-04  6.7179375E-05
   2.408554      2.3534281E-04  9.3882391E-06
   2.426008      1.1036909E-04   3.141582    
   2.443461      8.6566542E-06   3.141226    
   2.460914      6.5154512E-05  -3.141465    
   2.478368      8.7366861E-06  -3.141155    
   2.495821      2.8498511E-05 -7.4421914E-05
   2.513274      7.9272948E-05 -5.7562796E-05
   2.530727      3.9416300E-05   3.141511    
   2.548181      6.5304215E-05   3.141463    
   2.565634      7.9582765E-05   3.141310    
   2.583087      1.2500164E-04   3.141580    
   2.600541      2.8701639E-04  -3.141581    
   2.617994      5.6841100E-06  3.0967841E-04
   2.635447      2.6990051E-04 -2.3693457E-05
   2.652900      2.0178000E-05 -2.4302573E-04
   2.670354      1.5330651E-04 -3.5860943E-05
   2.687807      5.9362224E-05   3.141563    
   2.705260      1.4138959E-05   3.141226    
   2.722714      9.0650246E-05   3.141591    
   2.740167      5.4082830E-05   3.141543    
   2.757620      3.9889168E-05  1.1956524E-04
   2.775074      6.8033281E-05  1.5636715E-05
   2.792527      8.6452646E-06  2.1198503E-05
   2.809980      8.2345083E-05 -9.8560849E-05
   2.827433      1.4483550E-04  -3.141463    
   2.844887      1.4202505E-04   3.141536    
   2.862340      2.1292875E-04   3.141568    
   2.879793      3.9729686E-05   3.141431    
   2.897247      1.9632331E-04  7.1782692E-06
   2.914700      1.2771513E-04 -4.3585227E-05
   2.932153      1.0214419E-04  6.9021662E-05
   2.949607      1.0755657E-04   3.141573    
   2.967060      5.9379046E-05 -5.7274356E-05
   2.984513      8.7761582E-05   3.141535    
   3.001966      1.0500815E-04  -3.141443    
   3.019420      1.1349475E-04  1.5266254E-05
   3.036873      6.7938039E-05  1.3908939E-04
   3.054326      7.0610433E-05  -3.141580    
   3.071780      3.6728703E-05  1.2856274E-04
   3.089233      2.2394265E-04   3.141585    
   3.106686      1.2487484E-04  -3.141559    
   3.124139      2.7806131E-04  -3.141585    
   3.141593      2.2698518E-05  4.5243734E-08
