  0.0000000E+00  0.1422536       2.360516    
  1.7453292E-02  0.1422530       2.360515    
  3.4906585E-02  0.1422530       2.360512    
  5.2359879E-02  0.1422534       2.360514    
  6.9813170E-02  0.1422533       2.360516    
  8.7266468E-02  0.1422533       2.360514    
  0.1047198      0.1422531       2.360513    
  0.1221731      0.1422530       2.360515    
  0.1396263      0.1422525       2.360508    
  0.1570796      0.1422530       2.360513    
  0.1745329      0.1422531       2.360511    
  0.1919862      0.1422531       2.360514    
  0.2094395      0.1422533       2.360516    
  0.2268928      0.1422532       2.360511    
  0.2443461      0.1422531       2.360512    
  0.2617994      0.1422532       2.360516    
  0.2792527      0.1422533       2.360515    
  0.2967060      0.1422531       2.360513    
  0.3141593      0.1422532       2.360516    
  0.3316126      0.1422531       2.360514    
  0.3490659      0.1422534       2.360513    
  0.3665192      0.1422531       2.360514    
  0.3839725      0.1422525       2.360510    
  0.4014257      0.1422529       2.360511    
  0.4188790      0.1422528       2.360513    
  0.4363323      0.1422535       2.360514    
  0.4537856      0.1422529       2.360514    
  0.4712389      0.1422532       2.360514    
  0.4886922      0.1422533       2.360514    
  0.5061455      0.1422534       2.360513    
  0.5235988      0.1422536       2.360517    
  0.5410521      0.1422534       2.360514    
  0.5585054      0.1422531       2.360513    
  0.5759587      0.1422533       2.360516    
  0.5934120      0.1422529       2.360515    
  0.6108653      0.1422529       2.360511    
  0.6283185      0.1422528       2.360513    
  0.6457719      0.1422538       2.360522    
  0.6632251      0.1422536       2.360522    
  0.6806784      0.1422528       2.360512    
  0.6981317      0.1422534       2.360515    
  0.7155850      0.1422532       2.360515    
  0.7330383      0.1422531       2.360514    
  0.7504916      0.1422529       2.360511    
  0.7679449      0.1422529       2.360515    
  0.7853982      0.1422535       2.360515    
  0.8028514      0.1422532       2.360515    
  0.8203048      0.1422531       2.360514    
  0.8377581      0.1422534       2.360516    
  0.8552114      0.1422531       2.360513    
  0.8726646      0.1422530       2.360514    
  0.8901180      0.1422529       2.360514    
  0.9075713      0.1422527       2.360512    
  0.9250245      0.1422539       2.360522    
  0.9424778      0.1422529       2.360512    
  0.9599311      0.1422532       2.360513    
  0.9773844      0.1422530       2.360513    
  0.9948377      0.1422531       2.360515    
   1.012291      0.1422529       2.360512    
   1.029744      0.1422530       2.360512    
   1.047198      0.1422532       2.360516    
   1.064651      0.1422532       2.360516    
   1.082104      0.1422529       2.360512    
   1.099558      0.1422533       2.360516    
   1.117011      0.1422532       2.360514    
   1.134464      0.1422529       2.360511    
   1.151917      0.1422530       2.360514    
   1.169371      0.1422525       2.360506    
   1.186824      0.1422528       2.360510    
   1.204277      0.1422530       2.360515    
   1.221731      0.1422532       2.360515    
   1.239184      0.1422532       2.360513    
   1.256637      0.1422531       2.360514    
   1.274090      0.1422528       2.360512    
   1.291544      0.1422530       2.360512    
   1.308997      0.1422534       2.360515    
   1.326450      0.1422530       2.360514    
   1.343904      0.1422531       2.360513    
   1.361357      0.1422532       2.360515    
   1.378810      0.1422531       2.360515    
   1.396263      0.1422531       2.360512    
   1.413717      0.1422533       2.360515    
   1.431170      0.1422528       2.360510    
   1.448623      0.1422527       2.360509    
   1.466077      0.1422531       2.360515    
   1.483530      0.1422531       2.360514    
   1.500983      0.1422530       2.360513    
   1.518437      0.1422532       2.360515    
   1.535890      0.1422529       2.360512    
   1.553343      0.1422528       2.360513    
   1.570796      0.1422534       2.360516    
   1.588250      0.1422531       2.360514    
   1.605703      0.1422531       2.360514    
   1.623156      0.1422531       2.360515    
   1.640610      0.1422529       2.360513    
   1.658063      0.1422528       2.360511    
   1.675516      0.1422527       2.360512    
   1.692969      0.1422524       2.360512    
   1.710423      0.1422529       2.360514    
   1.727876      0.1422530       2.360515    
   1.745329      0.1422529       2.360512    
   1.762783      0.1422533       2.360517    
   1.780236      0.1422530       2.360513    
   1.797689      0.1422530       2.360514    
   1.815143      0.1422530       2.360515    
   1.832596      0.1422531       2.360515    
   1.850049      0.1422531       2.360514    
   1.867502      0.1422531       2.360514    
   1.884956      0.1422531       2.360514    
   1.902409      0.1422529       2.360513    
   1.919862      0.1422527       2.360511    
   1.937316      0.1422533       2.360516    
   1.954769      0.1422529       2.360511    
   1.972222      0.1422526       2.360509    
   1.989675      0.1422534       2.360517    
   2.007129      0.1422530       2.360514    
   2.024582      0.1422529       2.360512    
   2.042035      0.1422530       2.360515    
   2.059489      0.1422532       2.360514    
   2.076942      0.1422529       2.360514    
   2.094395      0.1422531       2.360516    
   2.111848      0.1422531       2.360515    
   2.129302      0.1422533       2.360513    
   2.146755      0.1422533       2.360517    
   2.164208      0.1422532       2.360515    
   2.181662      0.1422528       2.360512    
   2.199115      0.1422531       2.360515    
   2.216568      0.1422530       2.360511    
   2.234021      0.1422538       2.360522    
   2.251475      0.1422527       2.360513    
   2.268928      0.1422530       2.360513    
   2.286381      0.1422528       2.360510    
   2.303835      0.1422527       2.360514    
   2.321288      0.1422530       2.360513    
   2.338741      0.1422530       2.360513    
   2.356194      0.1422533       2.360515    
   2.373648      0.1422534       2.360514    
   2.391101      0.1422532       2.360513    
   2.408554      0.1422531       2.360515    
   2.426008      0.1422530       2.360513    
   2.443461      0.1422528       2.360512    
   2.460914      0.1422525       2.360512    
   2.478368      0.1422540       2.360523    
   2.495821      0.1422525       2.360509    
   2.513274      0.1422531       2.360515    
   2.530727      0.1422531       2.360512    
   2.548181      0.1422532       2.360514    
   2.565634      0.1422529       2.360514    
   2.583087      0.1422530       2.360513    
   2.600541      0.1422529       2.360514    
   2.617994      0.1422533       2.360515    
   2.635447      0.1422530       2.360517    
   2.652900      0.1422531       2.360517    
   2.670354      0.1422530       2.360516    
   2.687807      0.1422528       2.360515    
   2.705260      0.1422528       2.360511    
   2.722714      0.1422532       2.360518    
   2.740167      0.1422531       2.360511    
   2.757620      0.1422529       2.360511    
   2.775074      0.1422529       2.360512    
   2.792527      0.1422531       2.360514    
   2.809980      0.1422529       2.360512    
   2.827433      0.1422531       2.360514    
   2.844887      0.1422533       2.360517    
   2.862340      0.1422527       2.360513    
   2.879793      0.1422532       2.360513    
   2.897247      0.1422530       2.360517    
   2.914700      0.1422530       2.360515    
   2.932153      0.1422531       2.360515    
   2.949607      0.1422531       2.360517    
   2.967060      0.1422530       2.360513    
   2.984513      0.1422529       2.360514    
   3.001966      0.1422531       2.360513    
   3.019420      0.1422528       2.360513    
   3.036873      0.1422527       2.360514    
   3.054326      0.1422528       2.360512    
   3.071780      0.1422532       2.360515    
   3.089233      0.1422531       2.360515    
   3.106686      0.1422531       2.360516    
   3.124139      0.1422529       2.360516    
   3.141593      0.1422533       2.360516    
