  0.0000000E+00   33.00014      -1.264999    
  1.7453292E-02   32.99511      -1.265001    
  3.4906585E-02   32.98008      -1.265000    
  5.2359879E-02   32.95487      -1.264999    
  6.9813170E-02   32.91978      -1.265000    
  8.7266468E-02   32.87462      -1.265000    
  0.1047198       32.81943      -1.265001    
  0.1221731       32.75412      -1.265000    
  0.1396263       32.67906      -1.265000    
  0.1570796       32.59386      -1.265000    
  0.1745329       32.49886      -1.265001    
  0.1919862       32.39388      -1.265000    
  0.2094395       32.27900      -1.265000    
  0.2268928       32.15437      -1.265001    
  0.2443461       32.01988      -1.265000    
  0.2617994       31.87567      -1.265001    
  0.2792527       31.72176      -1.265000    
  0.2967060       31.55823      -1.265000    
  0.3141593       31.38494      -1.265001    
  0.3316126       31.20224      -1.265001    
  0.3490659       31.01003      -1.265000    
  0.3665192       30.80822      -1.265001    
  0.3839725       30.59726      -1.264999    
  0.4014257       30.37685      -1.264999    
  0.4188790       30.14719      -1.265001    
  0.4363323       29.90833      -1.265000    
  0.4537856       29.66031      -1.265000    
  0.4712389       29.40329      -1.265000    
  0.4886922       29.13743      -1.265000    
  0.5061455       28.86254      -1.265001    
  0.5235988       28.57895      -1.265000    
  0.5410521       28.28663      -1.265000    
  0.5585054       27.98573      -1.265000    
  0.5759587       27.67624      -1.265001    
  0.5934120       27.35841      -1.265000    
  0.6108653       27.03218      -1.265000    
  0.6283185       26.69765      -1.265000    
  0.6457719       26.35524      -1.264999    
  0.6632251       26.00459      -1.265001    
  0.6806784       25.64599      -1.265000    
  0.6981317       25.27956      -1.265001    
  0.7155850       24.90555      -1.265000    
  0.7330383       24.52386      -1.265001    
  0.7504916       24.13479      -1.265001    
  0.7679449       23.73833      -1.265001    
  0.7853982       23.33463      -1.265000    
  0.8028514       22.92384      -1.265000    
  0.8203048       22.50607      -1.265000    
  0.8377581       22.08141      -1.265001    
  0.8552114       21.65002      -1.265000    
  0.8726646       21.21206      -1.265001    
  0.8901180       20.76766      -1.264999    
  0.9075713       20.31691      -1.265000    
  0.9250245       19.86011      -1.264998    
  0.9424778       19.39699      -1.265000    
  0.9599311       18.92813      -1.265001    
  0.9773844       18.45348      -1.265000    
  0.9948377       17.97317      -1.264999    
   1.012291       17.48745      -1.265000    
   1.029744       16.99631      -1.265001    
   1.047198       16.50007      -1.264999    
   1.064651       15.99877      -1.265001    
   1.082104       15.49265      -1.265000    
   1.099558       14.98173      -1.265001    
   1.117011       14.46632      -1.264999    
   1.134464       13.94649      -1.265002    
   1.151917       13.42239      -1.265002    
   1.169371       12.89420      -1.265002    
   1.186824       12.36217      -1.265002    
   1.204277       11.82613      -1.265001    
   1.221731       11.28672      -1.265000    
   1.239184       10.74377      -1.265000    
   1.256637       10.19759      -1.265000    
   1.274090       9.648339      -1.265000    
   1.291544       9.096056      -1.265001    
   1.308997       8.541047      -1.265002    
   1.326450       7.983464      -1.265001    
   1.343904       7.423396      -1.265000    
   1.361357       6.861110      -1.265001    
   1.378810       6.296736      -1.265002    
   1.396263       5.730413      -1.265003    
   1.413717       5.162359      -1.265000    
   1.431170       4.592730      -1.264999    
   1.448623       4.021732      -1.265000    
   1.466077       3.449447      -1.265001    
   1.483530       2.876161      -1.264999    
   1.500983       2.301978      -1.265004    
   1.518437       1.727070      -1.265005    
   1.535890       1.151676      -1.264988    
   1.553343      0.5759288      -1.265036    
   1.570796      9.1097590E-06  -1.129679    
   1.588250      0.5759444       1.876602    
   1.605703       1.151689       1.876605    
   1.623156       1.727075       1.876584    
   1.640610       2.301988       1.876594    
   1.658063       2.876161       1.876591    
   1.675516       3.449471       1.876591    
   1.692969       4.021714       1.876593    
   1.710423       4.592748       1.876596    
   1.727876       5.162357       1.876593    
   1.745329       5.730413       1.876593    
   1.762783       6.296731       1.876593    
   1.780236       6.861128       1.876594    
   1.797689       7.423413       1.876591    
   1.815143       7.983487       1.876594    
   1.832596       8.541042       1.876592    
   1.850049       9.096052       1.876591    
   1.867502       9.648303       1.876593    
   1.884956       10.19760       1.876591    
   1.902409       10.74378       1.876594    
   1.919862       11.28671       1.876592    
   1.937316       11.82616       1.876593    
   1.954769       12.36211       1.876594    
   1.972222       12.89432       1.876593    
   1.989675       13.42240       1.876593    
   2.007129       13.94647       1.876593    
   2.024582       14.46628       1.876593    
   2.042035       14.98175       1.876593    
   2.059489       15.49265       1.876592    
   2.076942       15.99880       1.876592    
   2.094395       16.50008       1.876593    
   2.111848       16.99631       1.876593    
   2.129302       17.48741       1.876592    
   2.146755       17.97315       1.876593    
   2.164208       18.45343       1.876592    
   2.181662       18.92815       1.876592    
   2.199115       19.39705       1.876593    
   2.216568       19.86001       1.876594    
   2.234021       20.31705       1.876594    
   2.251475       20.76771       1.876592    
   2.268928       21.21217       1.876592    
   2.286381       21.65004       1.876593    
   2.303835       22.08140       1.876593    
   2.321288       22.50607       1.876592    
   2.338741       22.92383       1.876592    
   2.356194       23.33462       1.876592    
   2.373648       23.73832       1.876593    
   2.391101       24.13481       1.876592    
   2.408554       24.52386       1.876592    
   2.426008       24.90555       1.876592    
   2.443461       25.27966       1.876592    
   2.460914       25.64598       1.876592    
   2.478368       26.00465       1.876594    
   2.495821       26.35534       1.876592    
   2.513274       26.69753       1.876593    
   2.530727       27.03218       1.876592    
   2.548181       27.35833       1.876593    
   2.565634       27.67624       1.876593    
   2.583087       27.98569       1.876593    
   2.600541       28.28665       1.876592    
   2.617994       28.57895       1.876593    
   2.635447       28.86258       1.876592    
   2.652900       29.13741       1.876592    
   2.670354       29.40334       1.876593    
   2.687807       29.66028       1.876593    
   2.705260       29.90830       1.876592    
   2.722714       30.14708       1.876593    
   2.740167       30.37683       1.876594    
   2.757620       30.59726       1.876593    
   2.775074       30.80834       1.876592    
   2.792527       31.00995       1.876593    
   2.809980       31.20229       1.876593    
   2.827433       31.38496       1.876593    
   2.844887       31.55817       1.876593    
   2.862340       31.72177       1.876592    
   2.879793       31.87570       1.876593    
   2.897247       32.01989       1.876592    
   2.914700       32.15440       1.876592    
   2.932153       32.27900       1.876592    
   2.949607       32.39382       1.876593    
   2.967060       32.49881       1.876592    
   2.984513       32.59384       1.876593    
   3.001966       32.67901       1.876592    
   3.019420       32.75440       1.876590    
   3.036873       32.81944       1.876592    
   3.054326       32.87464       1.876592    
   3.071780       32.91974       1.876593    
   3.089233       32.95496       1.876592    
   3.106686       32.98009       1.876592    
   3.124139       32.99515       1.876592    
   3.141593       33.00016       1.876592    
