  0.0000000E+00  0.2705305      -1.965810    
  1.7453292E-02  0.2703576      -1.964432    
  3.4906585E-02  0.2698421      -1.960182    
  5.2359879E-02  0.2690243      -1.953324    
  6.9813170E-02  0.2677719      -1.942546    
  8.7266468E-02  0.2663313      -1.929651    
  0.1047198      0.2646857      -1.914321    
  0.1221731      0.2626426      -1.894078    
  0.1396263      0.2604915      -1.871004    
  0.1570796      0.2583532      -1.845995    
  0.1745329      0.2559509      -1.814762    
  0.1919862      0.2537166      -1.781527    
  0.2094395      0.2516080      -1.744893    
  0.2268928      0.2496740      -1.703627    
  0.2443461      0.2480866      -1.658635    
  0.2617994      0.2469390      -1.609898    
  0.2792527      0.2463643      -1.557540    
  0.2967060      0.2465049      -1.501873    
  0.3141593      0.2474649      -1.443448    
  0.3316126      0.2494439      -1.381390    
  0.3490659      0.2524994      -1.318063    
  0.3665192      0.2566419      -1.255003    
  0.3839725      0.2622472      -1.189190    
  0.4014257      0.2691596      -1.124577    
  0.4188790      0.2773560      -1.061945    
  0.4363323      0.2873003     -0.9989209    
  0.4537856      0.2984997     -0.9393470    
  0.4712389      0.3110447     -0.8827079    
  0.4886922      0.3251750     -0.8282370    
  0.5061455      0.3406658     -0.7770202    
  0.5235988      0.3574778     -0.7289562    
  0.5410521      0.3755819     -0.6840634    
  0.5585054      0.3949163     -0.6422597    
  0.5759587      0.4154348     -0.6034321    
  0.5934120      0.4372284     -0.5672103    
  0.6108653      0.4600527     -0.5337400    
  0.6283185      0.4835762     -0.5031654    
  0.6457719      0.5086164     -0.4742658    
  0.6632251      0.5343795     -0.4477701    
  0.6806784      0.5609278     -0.4233252    
  0.6981317      0.5888366     -0.4002922    
  0.7155850      0.6172593     -0.3791832    
  0.7330383      0.6464017     -0.3596332    
  0.7504916      0.6765529     -0.3413265    
  0.7679449      0.7074356     -0.3243144    
  0.7853982      0.7390221     -0.3084815    
  0.8028514      0.7713273     -0.2936986    
  0.8203048      0.8043160     -0.2798983    
  0.8377581      0.8379645     -0.2669988    
  0.8552114      0.8724069     -0.2548784    
  0.8726646      0.9073835     -0.2435386    
  0.8901180      0.9426726     -0.2329816    
  0.9075713      0.9789512     -0.2229584    
  0.9250245       1.015742     -0.2135463    
  0.9424778       1.052821     -0.2047443    
  0.9599311       1.090914     -0.1963499    
  0.9773844       1.129205     -0.1884857    
  0.9948377       1.167922     -0.1810737    
   1.012291       1.207270     -0.1740355    
   1.029744       1.247072     -0.1673862    
   1.047198       1.287290     -0.1610805    
   1.064651       1.327964     -0.1551080    
   1.082104       1.369026     -0.1494403    
   1.099558       1.410505     -0.1440583    
   1.117011       1.452445     -0.1389286    
   1.134464       1.494706     -0.1340542    
   1.151917       1.537070     -0.1294364    
   1.169371       1.580102     -0.1250088    
   1.186824       1.623382     -0.1207891    
   1.204277       1.666847     -0.1167819    
   1.221731       1.710871     -0.1129360    
   1.239184       1.755041     -0.1092634    
   1.256637       1.799355     -0.1057635    
   1.274090       1.844048     -0.1024096    
   1.291544       1.888964     -9.9192828E-02
   1.308997       1.934073     -9.6120536E-02
   1.326450       1.979350     -9.3173578E-02
   1.343904       2.024816     -9.0346821E-02
   1.361357       2.070459     -8.7635413E-02
   1.378810       2.116349     -8.5030757E-02
   1.396263       2.162299     -8.2532272E-02
   1.413717       2.208231     -8.0130287E-02
   1.431170       2.254415     -7.7821881E-02
   1.448623       2.300742     -7.5597338E-02
   1.466077       2.347061     -7.3464558E-02
   1.483530       2.393649     -7.1406126E-02
   1.500983       2.440150     -6.9427557E-02
   1.518437       2.486625     -6.7518979E-02
   1.535890       2.533194     -6.5680273E-02
   1.553343       2.579778     -6.3905381E-02
   1.570796       2.626321     -6.2197506E-02
   1.588250       2.672856     -6.0547393E-02
   1.605703       2.719322     -5.8955032E-02
   1.623156       2.765753     -5.7418637E-02
   1.640610       2.812163     -5.5934578E-02
   1.658063       2.858455     -5.4500978E-02
   1.675516       2.904549     -5.3113345E-02
   1.692969       2.950580     -5.1775247E-02
   1.710423       2.996619     -5.0481416E-02
   1.727876       3.042473     -4.9226630E-02
   1.745329       3.088225     -4.8018724E-02
   1.762783       3.133755     -4.6847992E-02
   1.780236       3.179099     -4.5712382E-02
   1.797689       3.224257     -4.4613704E-02
   1.815143       3.269227     -4.3550733E-02
   1.832596       3.313929     -4.2521115E-02
   1.850049       3.358457     -4.1524481E-02
   1.867502       3.402667     -4.0559888E-02
   1.884956       3.446680     -3.9621875E-02
   1.902409       3.490395     -3.8716357E-02
   1.919862       3.533791     -3.7838779E-02
   1.937316       3.576952     -3.6984313E-02
   1.954769       3.619610     -3.6160886E-02
   1.972222       3.662067     -3.5360049E-02
   1.989675       3.704451     -3.4581773E-02
   2.007129       3.746239     -3.3831321E-02
   2.024582       3.787734     -3.3100579E-02
   2.042035       3.828833     -3.2391667E-02
   2.059489       3.869523     -3.1705078E-02
   2.076942       3.909852     -3.1039197E-02
   2.094395       3.949746     -3.0393166E-02
   2.111848       3.989228     -2.9766340E-02
   2.129302       4.028255     -2.9158242E-02
   2.146755       4.066867     -2.8569216E-02
   2.164208       4.104979     -2.7997334E-02
   2.181662       4.142615     -2.7443562E-02
   2.199115       4.179898     -2.6901931E-02
   2.216568       4.216388     -2.6382625E-02
   2.234021       4.252686     -2.5876392E-02
   2.251475       4.288531     -2.5382141E-02
   2.268928       4.323779     -2.4907682E-02
   2.286381       4.358387     -2.4448393E-02
   2.303835       4.392584     -2.3997758E-02
   2.321288       4.426140     -2.3566443E-02
   2.338741       4.459186     -2.3145979E-02
   2.356194       4.491663     -2.2739256E-02
   2.373648       4.523549     -2.2344973E-02
   2.391101       4.554827     -2.1964010E-02
   2.408554       4.585575     -2.1594202E-02
   2.426008       4.615603     -2.1238044E-02
   2.443461       4.645169     -2.0891737E-02
   2.460914       4.674029     -2.0555314E-02
   2.478368       4.702105     -2.0233290E-02
   2.495821       4.729613     -1.9922270E-02
   2.513274       4.756897     -1.9617695E-02
   2.530727       4.783113     -1.9330822E-02
   2.548181       4.808826     -1.9049304E-02
   2.565634       4.833907     -1.8775757E-02
   2.583087       4.858231     -1.8515939E-02
   2.600541       4.881876     -1.8265998E-02
   2.617994       4.904850     -1.8023139E-02
   2.635447       4.927155     -1.7790679E-02
   2.652900       4.948697     -1.7567860E-02
   2.670354       4.969627     -1.7352464E-02
   2.687807       4.989714     -1.7149864E-02
   2.705260       5.009092     -1.6954342E-02
   2.722714       5.028027     -1.6763857E-02
   2.740167       5.045712     -1.6586717E-02
   2.757620       5.063011     -1.6415909E-02
   2.775074       5.079833     -1.6251046E-02
   2.792527       5.095499     -1.6100019E-02
   2.809980       5.110641     -1.5954098E-02
   2.827433       5.125025     -1.5815351E-02
   2.844887       5.138546     -1.5684618E-02
   2.862340       5.151399     -1.5563345E-02
   2.879793       5.163443     -1.5449045E-02
   2.897247       5.174746     -1.5341897E-02
   2.914700       5.185256     -1.5242853E-02
   2.932153       5.195039     -1.5151039E-02
   2.949607       5.203930     -1.5068575E-02
   2.967060       5.212133     -1.4990688E-02
   2.984513       5.219692     -1.4919641E-02
   3.001966       5.226099     -1.4859812E-02
   3.019420       5.231947     -1.4805699E-02
   3.036873       5.237319     -1.4756993E-02
   3.054326       5.241469     -1.4719795E-02
   3.071780       5.245086     -1.4687393E-02
   3.089233       5.247909     -1.4660834E-02
   3.106686       5.249848     -1.4643081E-02
   3.124139       5.251048     -1.4631811E-02
   3.141593       5.251451     -1.4628688E-02
