  0.0000000E+00  0.0000000E+00  0.0000000E+00
  1.7453292E-02  9.1667869E-07 -1.0561176E-02
  3.4906585E-02  1.7314520E-06  -3.126300    
  5.2359879E-02  5.4074695E-07  3.3063109E-03
  6.9813170E-02  2.3184539E-06  -3.126936    
  8.7266468E-02  1.3662183E-06 -1.4598952E-02
  0.1047198      1.1237573E-06 -3.6922581E-02
  0.1221731      3.9357155E-06  2.0651191E-03
  0.1396263      2.4620551E-06  -3.123623    
  0.1570796      2.4593928E-06  -3.109056    
  0.1745329      3.0311464E-06 -1.0809830E-02
  0.1919862      2.1895214E-06 -2.0469029E-02
  0.2094395      8.0978378E-07  -3.065443    
  0.2268928      1.5052688E-06 -4.5794692E-02
  0.2443461      1.2357432E-06  -3.093335    
  0.2617994      1.4350478E-07  -3.005420    
  0.2792527      1.0787024E-06 -8.8702537E-02
  0.2967060      2.5233662E-06  -3.097056    
  0.3141593      2.7762610E-07  -2.974683    
  0.3316126      2.9738601E-06  -3.101289    
  0.3490659      2.2223926E-06 -4.6545789E-02
  0.3665192      3.7798708E-07 -0.3702894    
  0.3839725      3.1623752E-06 -3.5819471E-02
  0.4014257      1.0907894E-06  -2.993582    
  0.4188790      1.3495783E-06  -3.044965    
  0.4363323      1.3022723E-06  -3.090625    
  0.4537856      2.6519670E-06 -1.4351187E-02
  0.4712389      3.9975123E-07  -2.686301    
  0.4886922      2.2893823E-06 -3.8535178E-02
  0.5061455      2.6686004E-07  -2.746973    
  0.5235988      1.3717903E-07 -0.9289079    
  0.5410521      1.7437085E-06 -5.4973271E-02
  0.5585054      6.8687746E-07 -0.3542449    
  0.5759587      3.4090118E-07 -0.7085011    
  0.5934120      2.7257497E-06  -3.082742    
  0.6108653      3.5265180E-06  -3.076540    
  0.6283185      3.0815297E-06 -7.5284779E-02
  0.6457719      3.7718698E-06 -6.4046443E-02
  0.6632251      2.4269505E-06  -3.058578    
  0.6806784      7.8098560E-07  -2.958629    
  0.6981317      1.5539706E-06  -3.046866    
  0.7155850      2.9317018E-06 -8.0200553E-02
  0.7330383      1.1028251E-06  -2.902569    
  0.7504916      2.1215410E-06 -0.1144407    
  0.7679449      4.8194960E-07  -2.804530    
  0.7853982      1.5352208E-07  -1.357190    
  0.8028514      1.2367074E-06 -0.2170869    
  0.8203048      1.7886881E-06  -2.948987    
  0.8377581      2.0711056E-07 -0.3073636    
  0.8552114      3.0707765E-06  -3.092553    
  0.8726646      2.1617707E-06 -0.1503382    
  0.8901180      2.5887393E-06 -9.8707147E-02
  0.9075713      3.6083793E-06 -7.4744061E-02
  0.9250245      1.9100453E-06  -3.003752    
  0.9424778      2.9473483E-06  -3.071766    
  0.9599311      2.1796991E-06  -2.964679    
  0.9773844      2.3115758E-06 -0.1149500    
  0.9948377      1.3593183E-06  -2.950548    
   1.012291      2.1855390E-06 -7.0456944E-02
   1.029744      1.8365032E-06  -2.975648    
   1.047198      4.7677139E-07  -1.599342    
   1.064651      1.5123820E-06 -0.2600758    
   1.082104      1.5003116E-06  -2.983616    
   1.099558      4.7731254E-07 -0.6578668    
   1.117011      2.4519941E-06  -2.988084    
   1.134464      1.4513652E-06 -0.2545831    
   1.151917      5.6158029E-07 -0.5469449    
   1.169371      4.9849251E-07 -0.8964190    
   1.186824      2.4646631E-06 -0.1811282    
   1.204277      1.4555276E-06  -2.920257    
   1.221731      2.4935614E-06  -3.070429    
   1.239184      3.0226417E-06 -0.1332155    
   1.256637      3.2445126E-07  -1.023248    
   1.274090      2.2740817E-06 -0.1690495    
   1.291544      1.2857381E-06  -2.936620    
   1.308997      5.0479304E-07  -1.219721    
   1.326450      1.7496457E-06 -0.1112205    
   1.343904      1.7450948E-06  -2.939217    
   1.361357      5.7658218E-07 -0.6592396    
   1.378810      2.7781825E-06  -2.983498    
   1.396263      3.0974716E-06  -2.940839    
   1.413717      3.2956668E-06 -0.1229686    
   1.431170      3.1948589E-06 -9.4385706E-02
   1.448623      2.9948644E-06  -3.022552    
   1.466077      1.8814620E-06  -2.937583    
   1.483530      3.1336097E-06 -5.7727240E-02
   1.500983      1.8372833E-06 -0.2311570    
   1.518437      6.0698659E-07  -2.215997    
   1.535890      2.0099060E-06 -8.9788929E-02
   1.553343      7.1411148E-07  -2.612468    
   1.570796      5.2260776E-07 -0.8092654    
   1.588250      1.4688030E-06 -0.1177235    
   1.605703      2.1685953E-06  -3.068542    
   1.623156      1.0607732E-06 -0.5023460    
   1.640610      1.4568319E-06  -2.998288    
   1.658063      3.4567379E-06  -3.071661    
   1.675516      1.7196821E-06 -7.6563969E-02
   1.692969      5.2939964E-07  -1.481162    
   1.710423      4.1337180E-06  -3.052041    
   1.727876      2.5033378E-06  -2.930124    
   1.745329      3.4358682E-06 -7.2504513E-02
   1.762783      2.0739087E-06 -0.1478191    
   1.780236      5.2562342E-07  -2.181346    
   1.797689      2.2609879E-06 -0.1969893    
   1.815143      1.3081949E-06  -2.987610    
   1.832596      5.8220996E-07  -2.574698    
   1.850049      1.2753012E-06 -0.1028102    
   1.867502      2.4307456E-06  -2.944537    
   1.884956      5.1051546E-07 -0.7542072    
   1.902409      2.3001840E-06  -2.966852    
   1.919862      1.8673203E-06 -0.1783934    
   1.937316      1.8496399E-06 -0.1524538    
   1.954769      4.5623636E-07 -0.8012025    
   1.972222      2.3768382E-06 -6.8535797E-02
   1.989675      2.3531800E-06  -3.128135    
   2.007129      2.0438517E-06  -3.026964    
   2.024582      2.9204605E-06 -3.0894509E-02
   2.042035      5.0913474E-07  -2.798323    
   2.059489      2.7362635E-06 -0.1096169    
   2.076942      1.5431132E-06  -3.023852    
   2.094395      3.5526671E-07  -2.043187    
   2.111848      2.1003609E-06 -0.1488685    
   2.129302      7.2067786E-07 -0.4250749    
   2.146755      2.8120473E-07 -0.9922491    
   2.164208      2.4610670E-06  -2.979733    
   2.181662      2.2917670E-06 -0.1246992    
   2.199115      2.6511777E-06 -9.5094882E-02
   2.216568      4.2166531E-07 -0.3003347    
   2.234021      1.3298098E-06  -2.988418    
   2.251475      1.0616159E-06  -2.830538    
   2.268928      1.9150532E-06  -3.065412    
   2.286381      2.8311672E-06 -0.1153575    
   2.303835      1.1891091E-06  -2.939061    
   2.321288      2.2470142E-06 -5.8402952E-02
   2.338741      1.4874111E-06  -2.962456    
   2.356194      6.8374817E-07 -0.5561217    
   2.373648      1.5096408E-06 -0.1834819    
   2.391101      2.2799775E-06  -3.073319    
   2.408554      1.2166246E-06 -0.1104160    
   2.426008      2.7766687E-06  -3.107447    
   2.443461      1.9216841E-06 -0.1043631    
   2.460914      1.0320759E-06 -0.2909830    
   2.478368      1.3461234E-06 -0.1143969    
   2.495821      2.6182050E-07 -0.9646139    
   2.513274      1.5165440E-06  -2.961301    
   2.530727      2.2709269E-06  -3.069888    
   2.548181      2.4600420E-06 -0.1019201    
   2.565634      1.9345788E-07  -2.474445    
   2.583087      7.3146862E-07  -2.857640    
   2.600541      1.7441758E-06  -3.045803    
   2.617994      1.5741341E-07  -2.667995    
   2.635447      1.4068986E-06 -0.1954406    
   2.652900      2.6593136E-06  -3.094188    
   2.670354      4.9622503E-07 -5.2910659E-02
   2.687807      2.9122466E-06  -3.093531    
   2.705260      2.0446066E-06 -5.2132305E-02
   2.722714      1.8035705E-06 -8.9340866E-02
   2.740167      1.0179241E-06 -9.0474434E-02
   2.757620      2.8736210E-06  -3.098080    
   2.775074      1.1006293E-06  -3.036606    
   2.792527      1.7857330E-06  -3.091690    
   2.809980      2.0905161E-06 -6.7533992E-02
   2.827433      6.8151968E-07 -0.1940329    
   2.844887      2.4034482E-06 -2.9936396E-02
   2.862340      1.2568078E-06  -3.082575    
   2.879793      5.0376906E-07 -0.2047118    
   2.897247      2.2870720E-06 -4.2636439E-02
   2.914700      1.8344416E-06  -3.079463    
   2.932153      2.9333262E-07 -0.2612743    
   2.949607      1.3235890E-06  -3.079069    
   2.967060      1.5502831E-06  -3.096000    
   2.984513      2.4809287E-06 -3.4147389E-02
   3.001966      4.1728931E-06 -6.6131391E-03
   3.019420      1.0354106E-06  -3.089903    
   3.036873      1.4042133E-06  -3.123896    
   3.054326      3.7589684E-06 -2.5133084E-04
   3.071780      1.8167691E-06 -1.2165043E-02
   3.089233      7.9612039E-07  -3.108105    
   3.106686      1.6697104E-06 -1.1589761E-02
   3.124139      1.5913431E-06   3.140221    
   3.141593      2.4076346E-07   3.121891    
