  0.0000000E+00   1.056286     -5.7779729E-02
  1.7453292E-02   1.056809     -5.7754524E-02
  3.4906585E-02   1.057323     -5.7713978E-02
  5.2359879E-02   1.058075     -5.7675831E-02
  6.9813170E-02   1.059367     -5.7587054E-02
  8.7266468E-02   1.060971     -5.7496622E-02
  0.1047198       1.064279     -5.7312679E-02
  0.1221731       1.068472     -5.7081718E-02
  0.1396263       1.068617     -5.7033956E-02
  0.1570796       1.073157     -5.6781229E-02
  0.1745329       1.075817     -5.6612831E-02
  0.1919862       1.080161     -5.6364805E-02
  0.2094395       1.084778     -5.6096755E-02
  0.2268928       1.089939     -5.5803660E-02
  0.2443461       1.095335     -5.5496410E-02
  0.2617994       1.100709     -5.5197690E-02
  0.2792527       1.107103     -5.4843958E-02
  0.2967060       1.113484     -5.4490034E-02
  0.3141593       1.120092     -5.4133456E-02
  0.3316126       1.127239     -5.3747348E-02
  0.3490659       1.134643     -5.3355295E-02
  0.3665192       1.143732     -5.2894313E-02
  0.3839725       1.150892     -5.2518889E-02
  0.4014257       1.159621     -5.2076239E-02
  0.4188790       1.169796     -5.1577866E-02
  0.4363323       1.178161     -5.1161151E-02
  0.4537856       1.188141     -5.0674029E-02
  0.4712389       1.198356     -5.0190195E-02
  0.4886922       1.209086     -4.9693018E-02
  0.5061455       1.220019     -4.9197242E-02
  0.5235988       1.230902     -4.8700560E-02
  0.5410521       1.242743     -4.8185520E-02
  0.5585054       1.254534     -4.7668759E-02
  0.5759587       1.266535     -4.7158495E-02
  0.5934120       1.279009     -4.6635289E-02
  0.6108653       1.291725     -4.6117090E-02
  0.6283185       1.305935     -4.5553736E-02
  0.6457719       1.315970     -4.5123301E-02
  0.6632251       1.332420     -4.4520006E-02
  0.6806784       1.347409     -4.3962013E-02
  0.6981317       1.360885     -4.3455727E-02
  0.7155850       1.375817     -4.2920101E-02
  0.7330383       1.390915     -4.2388417E-02
  0.7504916       1.406470     -4.1849744E-02
  0.7679449       1.422192     -4.1325841E-02
  0.7853982       1.437811     -4.0804740E-02
  0.8028514       1.454280     -4.0273029E-02
  0.8203048       1.470658     -3.9756183E-02
  0.8377581       1.487222     -3.9242152E-02
  0.8552114       1.504159     -3.8727861E-02
  0.8726646       1.521284     -3.8224574E-02
  0.8901180       1.539709     -3.7701096E-02
  0.9075713       1.558734     -3.7180424E-02
  0.9250245       1.572339     -3.6759462E-02
  0.9424778       1.593657     -3.6214802E-02
  0.9599311       1.611258     -3.5742808E-02
  0.9773844       1.630101     -3.5262935E-02
  0.9948377       1.649059     -3.4785006E-02
   1.012291       1.668346     -3.4311630E-02
   1.029744       1.687769     -3.3848830E-02
   1.047198       1.707033     -3.3395369E-02
   1.064651       1.727006     -3.2934852E-02
   1.082104       1.746818     -3.2491200E-02
   1.099558       1.766782     -3.2056879E-02
   1.117011       1.787026     -3.1621471E-02
   1.134464       1.807346     -3.1195825E-02
   1.151917       1.828726     -3.0766606E-02
   1.169371       1.848634     -3.0359905E-02
   1.186824       1.869457     -2.9951522E-02
   1.204277       1.891440     -2.9544016E-02
   1.221731       1.911923     -2.9151022E-02
   1.239184       1.933358     -2.8759193E-02
   1.256637       1.954855     -2.8375875E-02
   1.274090       1.976551     -2.7997330E-02
   1.291544       1.998334     -2.7626306E-02
   1.308997       2.019892     -2.7263511E-02
   1.326450       2.042008     -2.6905240E-02
   1.343904       2.063867     -2.6551036E-02
   1.361357       2.085864     -2.6204677E-02
   1.378810       2.107958     -2.5865354E-02
   1.396263       2.130097     -2.5529362E-02
   1.413717       2.153010     -2.5200877E-02
   1.431170       2.174696     -2.4880728E-02
   1.448623       2.197148     -2.4560079E-02
   1.466077       2.220128     -2.4248654E-02
   1.483530       2.242043     -2.3949750E-02
   1.500983       2.264628     -2.3647768E-02
   1.518437       2.287169     -2.3351597E-02
   1.535890       2.309791     -2.3064202E-02
   1.553343       2.332454     -2.2781475E-02
   1.570796       2.354810     -2.2502180E-02
   1.588250       2.377546     -2.2232033E-02
   1.605703       2.399963     -2.1965971E-02
   1.623156       2.422442     -2.1702113E-02
   1.640610       2.444927     -2.1446878E-02
   1.658063       2.467362     -2.1193620E-02
   1.675516       2.490215     -2.0949231E-02
   1.692969       2.513291     -2.0706398E-02
   1.710423       2.535711     -2.0470966E-02
   1.727876       2.557173     -2.0235511E-02
   1.745329       2.579016     -2.0010378E-02
   1.762783       2.601162     -1.9781755E-02
   1.780236       2.623254     -1.9565798E-02
   1.797689       2.645238     -1.9353045E-02
   1.815143       2.667208     -1.9143600E-02
   1.832596       2.688847     -1.8936181E-02
   1.850049       2.710655     -1.8735841E-02
   1.867502       2.732104     -1.8539470E-02
   1.884956       2.753576     -1.8346960E-02
   1.902409       2.774863     -1.8156370E-02
   1.919862       2.796063     -1.7972987E-02
   1.937316       2.817383     -1.7791925E-02
   1.954769       2.838069     -1.7613947E-02
   1.972222       2.858857     -1.7440492E-02
   1.989675       2.879597     -1.7274350E-02
   2.007129       2.899817     -1.7106175E-02
   2.024582       2.920085     -1.6945733E-02
   2.042035       2.940201     -1.6784942E-02
   2.059489       2.960070     -1.6633732E-02
   2.076942       2.979891     -1.6482804E-02
   2.094395       2.999331     -1.6333228E-02
   2.111848       3.018749     -1.6189827E-02
   2.129302       3.037794     -1.6048910E-02
   2.146755       3.056743     -1.5908882E-02
   2.164208       3.075407     -1.5773509E-02
   2.181662       3.093956     -1.5642822E-02
   2.199115       3.112307     -1.5516318E-02
   2.216568       3.130368     -1.5387028E-02
   2.234021       3.147761     -1.5256150E-02
   2.251475       3.165567     -1.5150452E-02
   2.268928       3.182899     -1.5031407E-02
   2.286381       3.199853     -1.4920442E-02
   2.303835       3.216590     -1.4808405E-02
   2.321288       3.233059     -1.4701022E-02
   2.338741       3.249424     -1.4596969E-02
   2.356194       3.265319     -1.4494535E-02
   2.373648       3.281082     -1.4396417E-02
   2.391101       3.296356     -1.4299567E-02
   2.408554       3.311543     -1.4205430E-02
   2.426008       3.326410     -1.4112839E-02
   2.443461       3.341068     -1.4023947E-02
   2.460914       3.355163     -1.3943302E-02
   2.478368       3.369184     -1.3843925E-02
   2.495821       3.383053     -1.3771072E-02
   2.513274       3.396005     -1.3699357E-02
   2.530727       3.409100     -1.3620673E-02
   2.548181       3.421689     -1.3546255E-02
   2.565634       3.434031     -1.3477004E-02
   2.583087       3.445974     -1.3407694E-02
   2.600541       3.457725     -1.3341365E-02
   2.617994       3.469033     -1.3275120E-02
   2.635447       3.480079     -1.3217075E-02
   2.652900       3.490622     -1.3156889E-02
   2.670354       3.501059     -1.3098943E-02
   2.687807       3.511031     -1.3041548E-02
   2.705260       3.520752     -1.2989408E-02
   2.722714       3.529858     -1.2943677E-02
   2.740167       3.539173     -1.2887293E-02
   2.757620       3.547752     -1.2843103E-02
   2.775074       3.555466     -1.2804900E-02
   2.792527       3.563483     -1.2758103E-02
   2.809980       3.570900     -1.2720408E-02
   2.827433       3.577928     -1.2681787E-02
   2.844887       3.584519     -1.2649244E-02
   2.862340       3.590964     -1.2614142E-02
   2.879793       3.596924     -1.2581917E-02
   2.897247       3.602504     -1.2554395E-02
   2.914700       3.607627     -1.2526676E-02
   2.932153       3.612590     -1.2500255E-02
   2.949607       3.617038     -1.2476258E-02
   2.967060       3.621297     -1.2455777E-02
   2.984513       3.624714     -1.2440052E-02
   3.001966       3.628071     -1.2430332E-02
   3.019420       3.631079     -1.2413761E-02
   3.036873       3.633388     -1.2396326E-02
   3.054326       3.635796     -1.2380160E-02
   3.071780       3.637438     -1.2371103E-02
   3.089233       3.638762     -1.2365120E-02
   3.106686       3.639618     -1.2361597E-02
   3.124139       3.640316     -1.2358487E-02
   3.141593       3.640510     -1.2355593E-02
