  0.0000000E+00   3.433567      -2.195027    
  1.7453292E-02   3.432642      -2.194777    
  3.4906585E-02   3.429868      -2.194030    
  5.2359879E-02   3.425254      -2.192782    
  6.9813170E-02   3.418813      -2.191031    
  8.7266468E-02   3.410560      -2.188776    
  0.1047198       3.400502      -2.186006    
  0.1221731       3.388674      -2.182717    
  0.1396263       3.375101      -2.178906    
  0.1570796       3.359816      -2.174564    
  0.1745329       3.342858      -2.169679    
  0.1919862       3.324254      -2.164238    
  0.2094395       3.304064      -2.158233    
  0.2268928       3.282338      -2.151650    
  0.2443461       3.259122      -2.144476    
  0.2617994       3.234475      -2.136694    
  0.2792527       3.208471      -2.128289    
  0.2967060       3.181173      -2.119242    
  0.3141593       3.152644      -2.109535    
  0.3316126       3.122984      -2.099147    
  0.3490659       3.092261      -2.088060    
  0.3665192       3.060564      -2.076245    
  0.3839725       3.027997      -2.063684    
  0.4014257       2.994649      -2.050354    
  0.4188790       2.960635      -2.036229    
  0.4363323       2.926053      -2.021284    
  0.4537856       2.891026      -2.005488    
  0.4712389       2.855677      -1.988821    
  0.4886922       2.820134      -1.971257    
  0.5061455       2.784514      -1.952769    
  0.5235988       2.748973      -1.933333    
  0.5410521       2.713645      -1.912928    
  0.5585054       2.678683      -1.891530    
  0.5759587       2.644229      -1.869123    
  0.5934120       2.610451      -1.845693    
  0.6108653       2.577503      -1.821229    
  0.6283185       2.545551      -1.795721    
  0.6457719       2.514759      -1.769170    
  0.6632251       2.485295      -1.741590    
  0.6806784       2.457318      -1.712987    
  0.6981317       2.431001      -1.683385    
  0.7155850       2.406508      -1.652815    
  0.7330383       2.383990      -1.621319    
  0.7504916       2.363595      -1.588949    
  0.7679449       2.345475      -1.555765    
  0.7853982       2.329754      -1.521839    
  0.8028514       2.316555      -1.487255    
  0.8203048       2.305989      -1.452104    
  0.8377581       2.298139      -1.416484    
  0.8552114       2.293087      -1.380504    
  0.8726646       2.290879      -1.344275    
  0.8901180       2.291555      -1.307913    
  0.9075713       2.295139      -1.271539    
  0.9250245       2.301604      -1.235260    
  0.9424778       2.310948      -1.199203    
  0.9599311       2.323114      -1.163468    
  0.9773844       2.338056      -1.128166    
  0.9948377       2.355685      -1.093388    
   1.012291       2.375909      -1.059222    
   1.029744       2.398624      -1.025746    
   1.047198       2.423718     -0.9930239    
   1.064651       2.451058     -0.9611168    
   1.082104       2.480511     -0.9300686    
   1.099558       2.511943     -0.8999125    
   1.117011       2.545206     -0.8706780    
   1.134464       2.580153     -0.8423796    
   1.151917       2.616643     -0.8150313    
   1.169371       2.654535     -0.7886290    
   1.186824       2.693668     -0.7631712    
   1.204277       2.733918     -0.7386513    
   1.221731       2.775137     -0.7150485    
   1.239184       2.817194     -0.6923512    
   1.256637       2.859961     -0.6705350    
   1.274090       2.903306     -0.6495740    
   1.291544       2.947124     -0.6294454    
   1.308997       2.991285     -0.6101236    
   1.326450       3.035686     -0.5915774    
   1.343904       3.080227     -0.5737794    
   1.361357       3.124805     -0.5567033    
   1.378810       3.169324     -0.5403193    
   1.396263       3.213701     -0.5245978    
   1.413717       3.257856     -0.5095139    
   1.431170       3.301699     -0.4950395    
   1.448623       3.345168     -0.4811481    
   1.466077       3.388197     -0.4678129    
   1.483530       3.430710     -0.4550110    
   1.500983       3.472658     -0.4427206    
   1.518437       3.513982     -0.4309158    
   1.535890       3.554632     -0.4195760    
   1.553343       3.594558     -0.4086801    
   1.570796       3.633716     -0.3982095    
   1.588250       3.672076     -0.3881424    
   1.605703       3.709591     -0.3784631    
   1.623156       3.746236     -0.3691541    
   1.640610       3.781977     -0.3601969    
   1.658063       3.816790     -0.3515772    
   1.675516       3.850645     -0.3432823    
   1.692969       3.883524     -0.3352965    
   1.710423       3.915422     -0.3276047    
   1.727876       3.946309     -0.3201936    
   1.745329       3.976179     -0.3130540    
   1.762783       4.005015     -0.3061753    
   1.780236       4.032815     -0.2995434    
   1.797689       4.059567     -0.2931499    
   1.815143       4.085283     -0.2869828    
   1.832596       4.109944     -0.2810354    
   1.850049       4.133556     -0.2752979    
   1.867502       4.156125     -0.2697616    
   1.884956       4.177650     -0.2644184    
   1.902409       4.198143     -0.2592605    
   1.919862       4.217607     -0.2542809    
   1.937316       4.236047     -0.2494743    
   1.954769       4.253478     -0.2448325    
   1.972222       4.269907     -0.2403500    
   1.989675       4.285370     -0.2360180    
   2.007129       4.299850     -0.2318352    
   2.024582       4.313380     -0.2277949    
   2.042035       4.325967     -0.2238913    
   2.059489       4.337647     -0.2201186    
   2.076942       4.348416     -0.2164745    
   2.094395       4.358309     -0.2129530    
   2.111848       4.367339     -0.2095506    
   2.129302       4.375537     -0.2062624    
   2.146755       4.382914     -0.2030854    
   2.164208       4.389502     -0.2000158    
   2.181662       4.395314     -0.1970495    
   2.199115       4.400389     -0.1941841    
   2.216568       4.404738     -0.1914165    
   2.234021       4.408384     -0.1887430    
   2.251475       4.411382     -0.1861591    
   2.268928       4.413724     -0.1836646    
   2.286381       4.415454     -0.1812560    
   2.303835       4.416589     -0.1789303    
   2.321288       4.417161     -0.1766851    
   2.338741       4.417202     -0.1745184    
   2.356194       4.416726     -0.1724282    
   2.373648       4.415773     -0.1704112    
   2.391101       4.414365     -0.1684662    
   2.408554       4.412535     -0.1665910    
   2.426008       4.410298     -0.1647834    
   2.443461       4.407687     -0.1630417    
   2.460914       4.404737     -0.1613645    
   2.478368       4.401462     -0.1597500    
   2.495821       4.397899     -0.1581963    
   2.513274       4.394072     -0.1567008    
   2.530727       4.390005     -0.1552632    
   2.548181       4.385733     -0.1538822    
   2.565634       4.381265     -0.1525559    
   2.583087       4.376642     -0.1512827    
   2.600541       4.371871     -0.1500623    
   2.617994       4.366992     -0.1488926    
   2.635447       4.362025     -0.1477725    
   2.652900       4.356994     -0.1467006    
   2.670354       4.351914     -0.1456764    
   2.687807       4.346817     -0.1446986    
   2.705260       4.341713     -0.1437661    
   2.722714       4.336641     -0.1428778    
   2.740167       4.331618     -0.1420328    
   2.757620       4.326653     -0.1412302    
   2.775074       4.321760     -0.1404693    
   2.792527       4.316960     -0.1397498    
   2.809980       4.312294     -0.1390697    
   2.827433       4.307762     -0.1384290    
   2.844887       4.303380     -0.1378268    
   2.862340       4.299161     -0.1372627    
   2.879793       4.295127     -0.1367357    
   2.897247       4.291277     -0.1362457    
   2.914700       4.287646     -0.1357915    
   2.932153       4.284232     -0.1353735    
   2.949607       4.281043     -0.1349904    
   2.967060       4.278103     -0.1346420    
   2.984513       4.275407     -0.1343284    
   3.001966       4.272988     -0.1340477    
   3.019420       4.270820     -0.1338022    
   3.036873       4.268924     -0.1335890    
   3.054326       4.267303     -0.1334098    
   3.071780       4.265997     -0.1332624    
   3.089233       4.264958     -0.1331488    
   3.106686       4.264219     -0.1330673    
   3.124139       4.263771     -0.1330187    
   3.141593       4.263619     -0.1330027    
