  0.0000000E+00  0.7240070       2.789470    
  1.7453292E-02  0.7240064       2.789470    
  3.4906585E-02  0.7240103       2.789472    
  5.2359879E-02  0.7240084       2.789470    
  6.9813170E-02  0.7240073       2.789470    
  8.7266468E-02  0.7240113       2.789472    
  0.1047198      0.7240087       2.789470    
  0.1221731      0.7240244       2.789480    
  0.1396263      0.7239994       2.789468    
  0.1570796      0.7240087       2.789470    
  0.1745329      0.7240027       2.789468    
  0.1919862      0.7240102       2.789471    
  0.2094395      0.7240106       2.789472    
  0.2268928      0.7240100       2.789471    
  0.2443461      0.7240107       2.789471    
  0.2617994      0.7240075       2.789470    
  0.2792527      0.7240114       2.789472    
  0.2967060      0.7240112       2.789472    
  0.3141593      0.7240083       2.789470    
  0.3316126      0.7240101       2.789471    
  0.3490659      0.7240039       2.789469    
  0.3665192      0.7240157       2.789474    
  0.3839725      0.7239984       2.789466    
  0.4014257      0.7240003       2.789468    
  0.4188790      0.7240082       2.789470    
  0.4363323      0.7240030       2.789468    
  0.4537856      0.7240098       2.789471    
  0.4712389      0.7240085       2.789471    
  0.4886922      0.7240103       2.789471    
  0.5061455      0.7240105       2.789472    
  0.5235988      0.7240065       2.789470    
  0.5410521      0.7240123       2.789473    
  0.5585054      0.7240126       2.789473    
  0.5759587      0.7240090       2.789471    
  0.5934120      0.7240091       2.789471    
  0.6108653      0.7240034       2.789468    
  0.6283185      0.7240099       2.789472    
  0.6457719      0.7240122       2.789472    
  0.6632251      0.7240381       2.789486    
  0.6806784      0.7240073       2.789470    
  0.6981317      0.7240061       2.789470    
  0.7155850      0.7240071       2.789470    
  0.7330383      0.7240065       2.789470    
  0.7504916      0.7240105       2.789472    
  0.7679449      0.7240092       2.789471    
  0.7853982      0.7240052       2.789469    
  0.8028514      0.7240078       2.789470    
  0.8203048      0.7240112       2.789472    
  0.8377581      0.7240090       2.789471    
  0.8552114      0.7240084       2.789471    
  0.8726646      0.7240061       2.789469    
  0.8901180      0.7240074       2.789470    
  0.9075713      0.7240236       2.789479    
  0.9250245      0.7240084       2.789470    
  0.9424778      0.7240088       2.789471    
  0.9599311      0.7240041       2.789469    
  0.9773844      0.7240095       2.789471    
  0.9948377      0.7240089       2.789471    
   1.012291      0.7240106       2.789472    
   1.029744      0.7240112       2.789472    
   1.047198      0.7240086       2.789470    
   1.064651      0.7240107       2.789472    
   1.082104      0.7240118       2.789472    
   1.099558      0.7240058       2.789469    
   1.117011      0.7240100       2.789472    
   1.134464      0.7240027       2.789468    
   1.151917      0.7240083       2.789470    
   1.169371      0.7240138       2.789474    
   1.186824      0.7239964       2.789464    
   1.204277      0.7240137       2.789473    
   1.221731      0.7240073       2.789470    
   1.239184      0.7240090       2.789471    
   1.256637      0.7240071       2.789470    
   1.274090      0.7240091       2.789471    
   1.291544      0.7240075       2.789470    
   1.308997      0.7240106       2.789472    
   1.326450      0.7240064       2.789469    
   1.343904      0.7240099       2.789471    
   1.361357      0.7240112       2.789472    
   1.378810      0.7240102       2.789471    
   1.396263      0.7240068       2.789470    
   1.413717      0.7240021       2.789468    
   1.431170      0.7240012       2.789468    
   1.448623      0.7239965       2.789465    
   1.466077      0.7240059       2.789470    
   1.483530      0.7240105       2.789471    
   1.500983      0.7240087       2.789471    
   1.518437      0.7240081       2.789470    
   1.535890      0.7240122       2.789472    
   1.553343      0.7240072       2.789470    
   1.570796      0.7240099       2.789471    
   1.588250      0.7240076       2.789470    
   1.605703      0.7240125       2.789473    
   1.623156      0.7240093       2.789471    
   1.640610      0.7240084       2.789471    
   1.658063      0.7240029       2.789468    
   1.675516      0.7240086       2.789470    
   1.692969      0.7240223       2.789478    
   1.710423      0.7240216       2.789478    
   1.727876      0.7240087       2.789470    
   1.745329      0.7240031       2.789468    
   1.762783      0.7240049       2.789469    
   1.780236      0.7240107       2.789472    
   1.797689      0.7240126       2.789473    
   1.815143      0.7240080       2.789470    
   1.832596      0.7240090       2.789470    
   1.850049      0.7240119       2.789473    
   1.867502      0.7240117       2.789472    
   1.884956      0.7240106       2.789472    
   1.902409      0.7240099       2.789471    
   1.919862      0.7240067       2.789470    
   1.937316      0.7240061       2.789469    
   1.954769      0.7240009       2.789467    
   1.972222      0.7239992       2.789466    
   1.989675      0.7240016       2.789468    
   2.007129      0.7240017       2.789467    
   2.024582      0.7240083       2.789471    
   2.042035      0.7240097       2.789472    
   2.059489      0.7240108       2.789472    
   2.076942      0.7240122       2.789472    
   2.094395      0.7240080       2.789471    
   2.111848      0.7240122       2.789472    
   2.129302      0.7240097       2.789471    
   2.146755      0.7240109       2.789472    
   2.164208      0.7240090       2.789471    
   2.181662      0.7240049       2.789469    
   2.199115      0.7240033       2.789468    
   2.216568      0.7239956       2.789466    
   2.234021      0.7240100       2.789471    
   2.251475      0.7240086       2.789471    
   2.268928      0.7240072       2.789469    
   2.286381      0.7240083       2.789471    
   2.303835      0.7240076       2.789470    
   2.321288      0.7240109       2.789472    
   2.338741      0.7240073       2.789471    
   2.356194      0.7240087       2.789471    
   2.373648      0.7240075       2.789471    
   2.391101      0.7240124       2.789472    
   2.408554      0.7240064       2.789469    
   2.426008      0.7240092       2.789472    
   2.443461      0.7240062       2.789470    
   2.460914      0.7240087       2.789470    
   2.478368      0.7240103       2.789471    
   2.495821      0.7239983       2.789466    
   2.513274      0.7240134       2.789473    
   2.530727      0.7240053       2.789469    
   2.548181      0.7240096       2.789472    
   2.565634      0.7240097       2.789471    
   2.583087      0.7240095       2.789472    
   2.600541      0.7240087       2.789471    
   2.617994      0.7240064       2.789469    
   2.635447      0.7240068       2.789470    
   2.652900      0.7240124       2.789473    
   2.670354      0.7240106       2.789472    
   2.687807      0.7240082       2.789471    
   2.705260      0.7240019       2.789468    
   2.722714      0.7240081       2.789470    
   2.740167      0.7239969       2.789467    
   2.757620      0.7239975       2.789466    
   2.775074      0.7240084       2.789471    
   2.792527      0.7240084       2.789471    
   2.809980      0.7240088       2.789471    
   2.827433      0.7240076       2.789471    
   2.844887      0.7240106       2.789472    
   2.862340      0.7240110       2.789472    
   2.879793      0.7240079       2.789470    
   2.897247      0.7240116       2.789472    
   2.914700      0.7240122       2.789473    
   2.932153      0.7240115       2.789473    
   2.949607      0.7240097       2.789472    
   2.967060      0.7240092       2.789471    
   2.984513      0.7240085       2.789471    
   3.001966      0.7240225       2.789479    
   3.019420      0.7240212       2.789477    
   3.036873      0.7240084       2.789471    
   3.054326      0.7240031       2.789468    
   3.071780      0.7240078       2.789470    
   3.089233      0.7240093       2.789472    
   3.106686      0.7240131       2.789474    
   3.124139      0.7240065       2.789471    
   3.141593      0.7240082       2.789471    
