  0.0000000E+00   32.12874      -1.320799    
  1.7453292E-02   32.12378      -1.320797    
  3.4906585E-02   32.10920      -1.320798    
  5.2359879E-02   32.08477      -1.320798    
  6.9813170E-02   32.05050      -1.320798    
  8.7266468E-02   32.00647      -1.320799    
  0.1047198       31.95270      -1.320796    
  0.1221731       31.88929      -1.320796    
  0.1396263       31.81591      -1.320797    
  0.1570796       31.73311      -1.320798    
  0.1745329       31.64068      -1.320798    
  0.1919862       31.53835      -1.320797    
  0.2094395       31.42664      -1.320799    
  0.2268928       31.30530      -1.320798    
  0.2443461       31.17443      -1.320798    
  0.2617994       31.03399      -1.320798    
  0.2792527       30.88417      -1.320797    
  0.2967060       30.72489      -1.320798    
  0.3141593       30.55629      -1.320799    
  0.3316126       30.37832      -1.320798    
  0.3490659       30.19114      -1.320799    
  0.3665192       29.99467      -1.320797    
  0.3839725       29.78911      -1.320797    
  0.4014257       29.57450      -1.320796    
  0.4188790       29.35107      -1.320798    
  0.4363323       29.11856      -1.320798    
  0.4537856       28.87710      -1.320798    
  0.4712389       28.62696      -1.320798    
  0.4886922       28.36803      -1.320798    
  0.5061455       28.10045      -1.320798    
  0.5235988       27.82431      -1.320798    
  0.5410521       27.53973      -1.320798    
  0.5585054       27.24674      -1.320798    
  0.5759587       26.94542      -1.320797    
  0.5934120       26.63588      -1.320798    
  0.6108653       26.31836      -1.320798    
  0.6283185       25.99262      -1.320799    
  0.6457719       25.65874      -1.320797    
  0.6632251       25.31754      -1.320797    
  0.6806784       24.96874      -1.320798    
  0.6981317       24.61201      -1.320798    
  0.7155850       24.24787      -1.320798    
  0.7330383       23.87636      -1.320798    
  0.7504916       23.49750      -1.320799    
  0.7679449       23.11149      -1.320798    
  0.7853982       22.71845      -1.320798    
  0.8028514       22.31845      -1.320799    
  0.8203048       21.91177      -1.320799    
  0.8377581       21.49831      -1.320798    
  0.8552114       21.07838      -1.320798    
  0.8726646       20.65191      -1.320799    
  0.8901180       20.21921      -1.320799    
  0.9075713       19.78045      -1.320797    
  0.9250245       19.33521      -1.320799    
  0.9424778       18.88478      -1.320797    
  0.9599311       18.42831      -1.320798    
  0.9773844       17.96612      -1.320798    
  0.9948377       17.49857      -1.320799    
   1.012291       17.02565      -1.320798    
   1.029744       16.54757      -1.320798    
   1.047198       16.06437      -1.320798    
   1.064651       15.57634      -1.320798    
   1.082104       15.08355      -1.320798    
   1.099558       14.58608      -1.320797    
   1.117011       14.08432      -1.320797    
   1.134464       13.57820      -1.320798    
   1.151917       13.06792      -1.320798    
   1.169371       12.55382      -1.320796    
   1.186824       12.03543      -1.320798    
   1.204277       11.51385      -1.320799    
   1.221731       10.98867      -1.320799    
   1.239184       10.46010      -1.320798    
   1.256637       9.928329      -1.320799    
   1.274090       9.393529      -1.320798    
   1.291544       8.855868      -1.320797    
   1.308997       8.315511      -1.320799    
   1.326450       7.772635      -1.320799    
   1.343904       7.227387      -1.320800    
   1.361357       6.679928      -1.320799    
   1.378810       6.130438      -1.320799    
   1.396263       5.579095      -1.320800    
   1.413717       5.026055      -1.320795    
   1.431170       4.471448      -1.320798    
   1.448623       3.915485      -1.320800    
   1.466077       3.358363      -1.320796    
   1.483530       2.800206      -1.320797    
   1.500983       2.241192      -1.320801    
   1.518437       1.681472      -1.320799    
   1.535890       1.121272      -1.320797    
   1.553343      0.5607262      -1.320779    
   1.570796      2.0810199E-05 -0.3887598    
   1.588250      0.5607309       1.820783    
   1.605703       1.121279       1.820799    
   1.623156       1.681479       1.820782    
   1.640610       2.241206       1.820793    
   1.658063       2.800211       1.820793    
   1.675516       3.358386       1.820806    
   1.692969       3.915492       1.820786    
   1.710423       4.471466       1.820794    
   1.727876       5.026011       1.820799    
   1.745329       5.579097       1.820794    
   1.762783       6.130469       1.820793    
   1.780236       6.679939       1.820794    
   1.797689       7.227401       1.820795    
   1.815143       7.772662       1.820793    
   1.832596       8.315509       1.820794    
   1.850049       8.855898       1.820795    
   1.867502       9.393530       1.820792    
   1.884956       9.928322       1.820796    
   1.902409       10.46009       1.820794    
   1.919862       10.98868       1.820793    
   1.937316       11.51390       1.820793    
   1.954769       12.03552       1.820796    
   1.972222       12.55354       1.820796    
   1.989675       13.06795       1.820794    
   2.007129       13.57818       1.820794    
   2.024582       14.08433       1.820796    
   2.042035       14.58614       1.820793    
   2.059489       15.08356       1.820796    
   2.076942       15.57635       1.820794    
   2.094395       16.06437       1.820794    
   2.111848       16.54755       1.820794    
   2.129302       17.02567       1.820795    
   2.146755       17.49856       1.820794    
   2.164208       17.96618       1.820795    
   2.181662       18.42832       1.820794    
   2.199115       18.88486       1.820794    
   2.216568       19.33541       1.820795    
   2.234021       19.78014       1.820795    
   2.251475       20.21927       1.820795    
   2.268928       20.65199       1.820794    
   2.286381       21.07833       1.820795    
   2.303835       21.49837       1.820795    
   2.321288       21.91178       1.820794    
   2.338741       22.31845       1.820794    
   2.356194       22.71847       1.820795    
   2.373648       23.11145       1.820795    
   2.391101       23.49751       1.820794    
   2.408554       23.87633       1.820795    
   2.426008       24.24784       1.820795    
   2.443461       24.61210       1.820795    
   2.460914       24.96870       1.820795    
   2.478368       25.31737       1.820795    
   2.495821       25.65875       1.820793    
   2.513274       25.99253       1.820794    
   2.530727       26.31829       1.820795    
   2.548181       26.63598       1.820794    
   2.565634       26.94543       1.820794    
   2.583087       27.24673       1.820794    
   2.600541       27.53971       1.820794    
   2.617994       27.82430       1.820794    
   2.635447       28.10034       1.820795    
   2.652900       28.36803       1.820795    
   2.670354       28.62692       1.820795    
   2.687807       28.87716       1.820794    
   2.705260       29.11848       1.820795    
   2.722714       29.35103       1.820795    
   2.740167       29.57449       1.820796    
   2.757620       29.78912       1.820796    
   2.775074       29.99476       1.820795    
   2.792527       30.19104       1.820794    
   2.809980       30.37823       1.820795    
   2.827433       30.55622       1.820794    
   2.844887       30.72491       1.820795    
   2.862340       30.88415       1.820795    
   2.879793       31.03401       1.820795    
   2.897247       31.17445       1.820794    
   2.914700       31.30533       1.820794    
   2.932153       31.42665       1.820794    
   2.949607       31.53841       1.820795    
   2.967060       31.64058       1.820795    
   2.984513       31.73310       1.820795    
   3.001966       31.81610       1.820796    
   3.019420       31.88901       1.820793    
   3.036873       31.95272       1.820795    
   3.054326       32.00652       1.820794    
   3.071780       32.05054       1.820795    
   3.089233       32.08473       1.820795    
   3.106686       32.10920       1.820795    
   3.124139       32.12381       1.820795    
   3.141593       32.12880       1.820794    
