  0.0000000E+00   29.95869      -1.222292    
  1.7453292E-02   29.95417      -1.222292    
  3.4906585E-02   29.94046      -1.222292    
  5.2359879E-02   29.91766      -1.222292    
  6.9813170E-02   29.88574      -1.222292    
  8.7266468E-02   29.84471      -1.222292    
  0.1047198       29.79463      -1.222293    
  0.1221731       29.73544      -1.222292    
  0.1396263       29.66716      -1.222292    
  0.1570796       29.58987      -1.222292    
  0.1745329       29.50356      -1.222292    
  0.1919862       29.40830      -1.222292    
  0.2094395       29.30402      -1.222292    
  0.2268928       29.19088      -1.222292    
  0.2443461       29.06881      -1.222292    
  0.2617994       28.93789      -1.222292    
  0.2792527       28.79816      -1.222292    
  0.2967060       28.64967      -1.222292    
  0.3141593       28.49244      -1.222292    
  0.3316126       28.32650      -1.222292    
  0.3490659       28.15196      -1.222292    
  0.3665192       27.96886      -1.222292    
  0.3839725       27.77722      -1.222292    
  0.4014257       27.57715      -1.222292    
  0.4188790       27.36867      -1.222293    
  0.4363323       27.15180      -1.222292    
  0.4537856       26.92672      -1.222293    
  0.4712389       26.69341      -1.222292    
  0.4886922       26.45199      -1.222292    
  0.5061455       26.20250      -1.222292    
  0.5235988       25.94500      -1.222292    
  0.5410521       25.67961      -1.222292    
  0.5585054       25.40642      -1.222292    
  0.5759587       25.12551      -1.222293    
  0.5934120       24.83691      -1.222292    
  0.6108653       24.54074      -1.222293    
  0.6283185       24.23708      -1.222292    
  0.6457719       23.92606      -1.222292    
  0.6632251       23.60778      -1.222292    
  0.6806784       23.28229      -1.222292    
  0.6981317       22.94970      -1.222292    
  0.7155850       22.61014      -1.222292    
  0.7330383       22.26366      -1.222292    
  0.7504916       21.91042      -1.222293    
  0.7679449       21.55050      -1.222292    
  0.7853982       21.18401      -1.222293    
  0.8028514       20.81107      -1.222292    
  0.8203048       20.43180      -1.222292    
  0.8377581       20.04629      -1.222292    
  0.8552114       19.65468      -1.222292    
  0.8726646       19.25709      -1.222292    
  0.8901180       18.85363      -1.222292    
  0.9075713       18.44444      -1.222292    
  0.9250245       18.02959      -1.222292    
  0.9424778       17.60929      -1.222292    
  0.9599311       17.18360      -1.222292    
  0.9773844       16.75271      -1.222292    
  0.9948377       16.31668      -1.222292    
   1.012291       15.87570      -1.222293    
   1.029744       15.42988      -1.222293    
   1.047198       14.97934      -1.222292    
   1.064651       14.52427      -1.222292    
   1.082104       14.06477      -1.222292    
   1.099558       13.60096      -1.222292    
   1.117011       13.13302      -1.222292    
   1.134464       12.66109      -1.222293    
   1.151917       12.18532      -1.222292    
   1.169371       11.70576      -1.222292    
   1.186824       11.22274      -1.222292    
   1.204277       10.73623      -1.222292    
   1.221731       10.24647      -1.222291    
   1.239184       9.753590      -1.222292    
   1.256637       9.257755      -1.222292    
   1.274090       8.759090      -1.222293    
   1.291544       8.257729      -1.222293    
   1.308997       7.753885      -1.222291    
   1.326450       7.247679      -1.222292    
   1.343904       6.739228      -1.222294    
   1.361357       6.228756      -1.222293    
   1.378810       5.716395      -1.222292    
   1.396263       5.202284      -1.222291    
   1.413717       4.686570      -1.222292    
   1.431170       4.169447      -1.222290    
   1.448623       3.651054      -1.222294    
   1.466077       3.131529      -1.222288    
   1.483530       2.611068      -1.222294    
   1.500983       2.089814      -1.222290    
   1.518437       1.567901      -1.222290    
   1.535890       1.045535      -1.222293    
   1.553343      0.5228536      -1.222282    
   1.570796      9.6873391E-06  -1.691538    
   1.588250      0.5228686       1.919297    
   1.605703       1.045546       1.919299    
   1.623156       1.567911       1.919296    
   1.640610       2.089843       1.919302    
   1.658063       2.611077       1.919297    
   1.675516       3.131537       1.919303    
   1.692969       3.651050       1.919300    
   1.710423       4.169458       1.919300    
   1.727876       4.686574       1.919301    
   1.745329       5.202269       1.919300    
   1.762783       5.716407       1.919299    
   1.780236       6.228766       1.919301    
   1.797689       6.739244       1.919300    
   1.815143       7.247692       1.919300    
   1.832596       7.753897       1.919300    
   1.850049       8.257743       1.919300    
   1.867502       8.759074       1.919301    
   1.884956       9.257762       1.919300    
   1.902409       9.753604       1.919300    
   1.919862       10.24648       1.919300    
   1.937316       10.73626       1.919301    
   1.954769       11.22275       1.919300    
   1.972222       11.70578       1.919299    
   1.989675       12.18531       1.919301    
   2.007129       12.66111       1.919300    
   2.024582       13.13303       1.919301    
   2.042035       13.60098       1.919299    
   2.059489       14.06478       1.919300    
   2.076942       14.52427       1.919300    
   2.094395       14.97935       1.919300    
   2.111848       15.42987       1.919300    
   2.129302       15.87571       1.919300    
   2.146755       16.31667       1.919301    
   2.164208       16.75269       1.919300    
   2.181662       17.18362       1.919301    
   2.199115       17.60929       1.919301    
   2.216568       18.02961       1.919300    
   2.234021       18.44438       1.919300    
   2.251475       18.85364       1.919300    
   2.268928       19.25711       1.919300    
   2.286381       19.65468       1.919300    
   2.303835       20.04631       1.919300    
   2.321288       20.43181       1.919301    
   2.338741       20.81107       1.919300    
   2.356194       21.18402       1.919300    
   2.373648       21.55052       1.919300    
   2.391101       21.91042       1.919300    
   2.408554       22.26367       1.919300    
   2.426008       22.61012       1.919301    
   2.443461       22.94970       1.919300    
   2.460914       23.28230       1.919300    
   2.478368       23.60777       1.919300    
   2.495821       23.92606       1.919300    
   2.513274       24.23705       1.919301    
   2.530727       24.54073       1.919300    
   2.548181       24.83690       1.919300    
   2.565634       25.12550       1.919300    
   2.583087       25.40645       1.919300    
   2.600541       25.67964       1.919301    
   2.617994       25.94500       1.919301    
   2.635447       26.20249       1.919300    
   2.652900       26.45199       1.919301    
   2.670354       26.69341       1.919300    
   2.687807       26.92673       1.919300    
   2.705260       27.15178       1.919301    
   2.722714       27.36864       1.919301    
   2.740167       27.57714       1.919300    
   2.757620       27.77723       1.919300    
   2.775074       27.96890       1.919300    
   2.792527       28.15196       1.919300    
   2.809980       28.32650       1.919301    
   2.827433       28.49243       1.919300    
   2.844887       28.64969       1.919300    
   2.862340       28.79816       1.919300    
   2.879793       28.93790       1.919300    
   2.897247       29.06881       1.919300    
   2.914700       29.19088       1.919300    
   2.932153       29.30404       1.919300    
   2.949607       29.40832       1.919300    
   2.967060       29.50357       1.919301    
   2.984513       29.58987       1.919300    
   3.001966       29.66720       1.919300    
   3.019420       29.73540       1.919300    
   3.036873       29.79462       1.919300    
   3.054326       29.84469       1.919301    
   3.071780       29.88574       1.919301    
   3.089233       29.91765       1.919301    
   3.106686       29.94047       1.919301    
   3.124139       29.95415       1.919301    
   3.141593       29.95868       1.919301    
