  0.0000000E+00  0.0000000E+00  0.0000000E+00
  1.7453292E-02  1.7597264E-05  1.2988441E-03
  3.4906585E-02  3.1520769E-06   3.127559    
  5.2359879E-02  1.2163815E-05   3.136760    
  6.9813170E-02  7.5116732E-06  1.1817319E-02
  8.7266468E-02  5.2478379E-05   3.139522    
  0.1047198      2.1231066E-05  6.0555604E-03
  0.1221731      1.0960325E-04   3.140178    
  0.1396263      1.7245128E-04  1.0468855E-03
  0.1570796      3.3693457E-05   3.135608    
  0.1745329      1.0479796E-06  0.2092581    
  0.1919862      1.9518857E-05   3.129676    
  0.2094395      2.0866034E-06   3.014260    
  0.2268928      1.9701138E-05  1.3920631E-02
  0.2443461      6.8863492E-06   3.096187    
  0.2617994      8.9698933E-06   3.104314    
  0.2792527      5.3026342E-06  6.3442715E-02
  0.2967060      5.7343996E-06  6.1166592E-02
  0.3141593      2.2182028E-05   3.122937    
  0.3316126      7.1263630E-06  5.9992604E-02
  0.3490659      2.5122430E-05   3.124507    
  0.3665192      3.8719838E-05  1.1502434E-02
  0.3839725      1.6963457E-04   3.138723    
  0.4014257      2.7915501E-04  1.7007692E-03
  0.4188790      2.2046379E-05   3.118513    
  0.4363323      2.6903248E-05  2.0386115E-02
  0.4537856      1.1739452E-05   3.093804    
  0.4712389      1.4399193E-05  4.0251300E-02
  0.4886922      2.0022746E-06   2.832988    
  0.5061455      1.6950238E-05   3.104868    
  0.5235988      7.3404926E-06  8.6344883E-02
  0.5410521      1.3572208E-05  4.6375319E-02
  0.5585054      1.9600051E-05   3.106124    
  0.5759587      1.1827753E-05   3.081686    
  0.5934120      8.9602912E-07  0.9272703    
  0.6108653      6.5920913E-06  0.1103234    
  0.6283185      3.5664252E-05  2.1286825E-02
  0.6457719      2.1641912E-04   3.138170    
  0.6632251      2.8142793E-04  2.9099043E-03
  0.6806784      2.3491093E-05   3.106979    
  0.6981317      3.2691834E-05  2.4113091E-02
  0.7155850      1.9513275E-06   2.703937    
  0.7330383      3.4949035E-06  0.2474452    
  0.7504916      9.1550410E-06   3.050267    
  0.7679449      3.2401256E-06   2.867498    
  0.7853982      8.7720923E-07   1.590244    
  0.8028514      5.6425847E-06  0.1653367    
  0.8203048      3.3755452E-06  0.2725317    
  0.8377581      8.6167083E-06   3.026316    
  0.8552114      5.6181807E-06   2.977565    
  0.8726646      3.4442928E-05   3.113004    
  0.8901180      4.5395333E-05  2.1838669E-02
  0.9075713      1.1080846E-04   3.132696    
  0.9250245      3.3425906E-04  3.1168479E-03
  0.9424778      3.5698380E-05   3.112862    
  0.9599311      2.3921131E-05  4.3886948E-02
  0.9773844      7.3031342E-06   2.994513    
  0.9948377      3.6990780E-06   2.866746    
   1.012291      1.0704965E-05   3.039261    
   1.029744      1.2865003E-05   3.057012    
   1.047198      3.7685754E-06   2.841846    
   1.064651      1.4694841E-05  7.5041354E-02
   1.082104      1.2184056E-05  9.2003651E-02
   1.099558      9.7481070E-06   3.024584    
   1.117011      1.6463140E-06  0.8137773    
   1.134464      2.6991464E-05   3.099947    
   1.151917      2.1877333E-05  5.3128142E-02
   1.169371      1.0983973E-04   3.131291    
   1.186824      3.3936219E-04  3.4701128E-03
   1.204277      6.3689411E-05   3.122708    
   1.221731      3.2205888E-05  3.6745343E-02
   1.239184      8.8609531E-06  0.1362585    
   1.256637      2.2493956E-05  5.2517481E-02
   1.274090      1.0072115E-05  0.1215772    
   1.291544      5.4711963E-06  0.2253873    
   1.308997      8.1698163E-06  0.1452617    
   1.326450      2.4767585E-05  4.7637727E-02
   1.343904      1.7743356E-05   3.071817    
   1.361357      1.3392990E-06   2.006680    
   1.378810      2.2417693E-05  5.6462895E-02
   1.396263      8.2217093E-06   2.990931    
   1.413717      1.3628668E-05   3.051776    
   1.431170      1.7323450E-04   3.134071    
   1.448623      1.6161312E-04  7.6057250E-03
   1.466077      1.3851363E-06   1.026367    
   1.483530      1.8799601E-05  6.6597685E-02
   1.500983      8.0023619E-06   2.984330    
   1.518437      5.9967874E-06  0.2131151    
   1.535890      6.5851518E-06  0.1961934    
   1.553343      1.5398102E-05   3.059016    
   1.570796      3.7983111E-06  0.3353973    
   1.588250      4.7925619E-06  0.2687271    
   1.605703      3.1243126E-06   2.756115    
   1.623156      7.1909753E-06  0.1778438    
   1.640610      1.5511472E-05  8.0584429E-02
   1.658063      2.2415099E-06  0.6343735    
   1.675516      2.0636560E-05  6.1343893E-02
   1.692969      1.7007344E-04   3.134399    
   1.710423      1.0773304E-04  1.2082675E-02
   1.727876      3.3652501E-05   3.102259    
   1.745329      2.5631725E-06   2.621452    
   1.762783      8.1669305E-06   2.987545    
   1.780236      3.2013020E-06   2.744639    
   1.797689      5.6206268E-06  0.2156435    
   1.815143      1.9757681E-05   3.077598    
   1.832596      9.4579764E-06   3.012645    
   1.850049      1.8667454E-06  0.7271529    
   1.867502      6.6279667E-06  0.1729614    
   1.884956      9.9061863E-06   3.025746    
   1.902409      8.4771373E-06  0.1448898    
   1.919862      3.6676072E-05   3.110026    
   1.937316      4.1835243E-05  2.8519688E-02
   1.954769      2.7826623E-04   3.137475    
   1.972222      3.3440135E-04  3.5655058E-03
   1.989675      3.0095382E-05   3.104257    
   2.007129      1.6128743E-05  7.0500240E-02
   2.024582      2.4940969E-06   2.681108    
   2.042035      2.4282576E-06  0.4806677    
   2.059489      1.1784759E-05   3.051907    
   2.076942      9.4632542E-06   3.024974    
   2.094395      1.2105540E-06   1.958986    
   2.111848      1.2596127E-05  8.7748855E-02
   2.129302      1.8737799E-05   3.082605    
   2.146755      1.3002367E-05   3.055451    
   2.164208      9.0874837E-06  0.1121030    
   2.181662      2.1086618E-05   3.091668    
   2.199115      1.9857263E-05  4.9199108E-02
   2.216568      2.7543699E-04   3.138098    
   2.234021      3.3981129E-04  2.7773036E-03
   2.251475      2.1294780E-05   3.094567    
   2.268928      3.5501107E-05  2.7349040E-02
   2.286381      8.3402501E-06   3.026166    
   2.303835      6.1434398E-06  0.1490671    
   2.321288      1.0991280E-05   3.055260    
   2.338741      1.4209330E-05   3.075269    
   2.356194      3.0042022E-06  0.3091766    
   2.373648      1.4220684E-05  6.2087856E-02
   2.391101      1.1039955E-05  7.8689970E-02
   2.408554      6.0685657E-06   3.000165    
   2.426008      8.3928562E-06  0.1015007    
   2.443461      3.5437097E-05   3.118402    
   2.460914      2.1371152E-05  3.8311593E-02
   2.478368      3.3973277E-04   3.139245    
   2.495821      2.2574083E-04  3.4748630E-03
   2.513274      5.0302377E-05   3.127562    
   2.530727      2.1121463E-05  3.4636084E-02
   2.548181      8.9966834E-06   3.064743    
   2.565634      1.3006613E-05  5.2805398E-02
   2.583087      1.8775720E-05  3.6441959E-02
   2.600541      9.0106423E-06   3.068673    
   2.617994      5.9533527E-06   3.036011    
   2.635447      9.0123893E-07  0.7357659    
   2.652900      1.1802774E-05  4.9159601E-02
   2.670354      1.3671318E-05   3.098655    
   2.687807      2.3557182E-06  0.2320808    
   2.705260      1.6036427E-05   3.109108    
   2.722714      4.3817767E-05  1.1638368E-02
   2.740167      2.8127222E-04   3.139760    
   2.757620      1.6596651E-04  2.9883692E-03
   2.775074      1.7126849E-05   3.115377    
   2.792527      3.6673777E-05  1.1404236E-02
   2.809980      1.2017938E-05   3.106032    
   2.827433      1.3649026E-05  2.8931297E-02
   2.844887      6.5041027E-06   3.085755    
   2.862340      1.4029696E-06   2.878443    
   2.879793      1.2556386E-06   2.878462    
   2.897247      2.8028971E-06  0.1089823    
   2.914700      6.8268000E-06   3.100672    
   2.932153      2.9947566E-06  8.8197842E-02
   2.949607      1.1670369E-05  2.0972673E-02
   2.967060      1.0561066E-05   3.120163    
   2.984513      3.3693686E-05  5.8350074E-03
   3.001966      1.0770829E-04   3.139969    
   3.019420      1.6713594E-04  9.0596324E-04
   3.036873      2.0362955E-05  6.7504370E-03
   3.054326      1.4589142E-06   3.059501    
   3.071780      2.9162195E-06   3.111353    
   3.089233      9.3989674E-06   3.134991    
   3.106686      1.4734989E-06  3.2236889E-02
   3.124139      6.2207268E-06   3.138061    
   3.141593      3.1067893E-06  -3.140925    
