  0.0000000E+00  0.0000000E+00  0.0000000E+00
  1.7453292E-02  2.8990144E-05  1.0153908E-04
  3.4906585E-02  5.0481831E-05   3.141476    
  5.2359879E-02  1.2555191E-05  9.1587770E-04
  6.9813170E-02  4.1915540E-05   3.141234    
  8.7266468E-02  7.4949632E-05  2.0037394E-04
  0.1047198      4.0153522E-05   3.141219    
  0.1221731      1.2308134E-04  1.6262247E-04
  0.1396263      6.0338371E-05  2.9701905E-04
  0.1570796      6.2247178E-05  3.6870057E-04
  0.1745329      6.0390128E-05   3.141095    
  0.1919862      6.1931882E-05  4.7537984E-04
  0.2094395      7.5867738E-06  4.8553371E-03
  0.2268928      6.4635497E-05  5.5598223E-04
  0.2443461      4.4835142E-05   3.140494    
  0.2617994      8.2248616E-06  5.3396234E-03
  0.2792527      2.8046479E-05  1.6184254E-03
  0.2967060      4.0575513E-05   3.140642    
  0.3141593      1.0921238E-05  4.3450892E-03
  0.3316126      5.9752158E-05   3.140665    
  0.3490659      6.5055247E-05  9.9816534E-04
  0.3665192      1.9550653E-06   3.111104    
  0.3839725      6.6617737E-05   3.140827    
  0.4014257      3.9223418E-05   3.139733    
  0.4188790      3.6816640E-05  1.6835156E-03
  0.4363323      5.8639860E-05   3.140475    
  0.4537856      4.3627955E-05  1.9715279E-03
  0.4712389      1.0582376E-05   3.133715    
  0.4886922      4.9820206E-05  1.6734580E-03
  0.5061455      3.2355787E-05   3.139116    
  0.5235988      9.2184337E-06   3.134892    
  0.5410521      4.5181529E-05  1.8598326E-03
  0.5585054      9.9040353E-06   3.131609    
  0.5759587      1.7220302E-05  2.8515731E-03
  0.5934120      5.7100948E-05   3.139694    
  0.6108653      5.5787194E-05  1.8963100E-03
  0.6283185      8.0999271E-05   3.140326    
  0.6457719      1.4313527E-04  6.5071718E-04
  0.6632251      4.2228113E-04   3.141317    
  0.6806784      4.1453401E-05  2.0556699E-03
  0.6981317      8.8752175E-05   3.140351    
  0.7155850      4.8786304E-05  2.1682205E-03
  0.7330383      3.2718351E-06   3.111233    
  0.7504916      3.7649392E-05  3.0410893E-03
  0.7679449      3.6285295E-05   3.138836    
  0.7853982      1.2260931E-07   1.666514    
  0.8028514      3.3295077E-05  3.7656080E-03
  0.8203048      4.8534657E-05   3.139234    
  0.8377581      1.7477085E-05  8.8964095E-03
  0.8552114      7.3139869E-05   3.139887    
  0.8726646      7.9896854E-05  1.4176548E-03
  0.8901180      4.3744221E-05   3.138239    
  0.9075713      1.4087783E-04  9.9664484E-04
  0.9250245      2.3719466E-04   3.141006    
  0.9424778      8.0982965E-05  1.3542466E-03
  0.9599311      5.7119814E-05   3.139092    
  0.9773844      6.9170324E-05  2.3366814E-03
  0.9948377      1.0896490E-05  1.5252965E-02
   1.012291      5.1041850E-05  3.6941997E-03
   1.029744      4.6457368E-05   3.138265    
   1.047198      2.6683230E-05  5.1100254E-03
   1.064651      4.9559280E-06  2.4224622E-02
   1.082104      3.6970920E-05   3.137496    
   1.099558      6.4080799E-05  2.1507894E-03
   1.117011      5.4157714E-05   3.138922    
   1.134464      5.8701837E-05  2.2345046E-03
   1.151917      5.3242275E-05   3.138483    
   1.169371      4.1610063E-05   3.137603    
   1.186824      1.0922631E-04   3.139851    
   1.204277      2.2025646E-05  6.7202668E-03
   1.221731      2.1091066E-05   3.134011    
   1.239184      9.4641036E-05  1.9188093E-03
   1.256637      6.6031803E-06   3.125397    
   1.274090      4.3125485E-05  3.9900262E-03
   1.291544      4.2942534E-05   3.138703    
   1.308997      9.2479831E-06   3.125281    
   1.326450      4.1856747E-05  3.6230497E-03
   1.343904      2.6111788E-05   3.134624    
   1.361357      2.2386066E-05   3.133513    
   1.378810      6.3895663E-05   3.139021    
   1.396263      5.7750913E-05  2.8356942E-03
   1.413717      4.4526882E-05   3.137258    
   1.431170      5.9653012E-05   3.138951    
   1.448623      8.6428001E-05  2.0490796E-03
   1.466077      9.5957381E-05  1.9342713E-03
   1.483530      5.3475054E-05   3.138577    
   1.500983      9.3585521E-05  1.2730211E-03
   1.518437      1.9118052E-05   3.132931    
   1.535890      3.9909602E-05  3.6938302E-03
   1.553343      2.9690358E-05   3.134773    
   1.570796      7.1997874E-06   3.117823    
   1.588250      1.8126495E-05  8.5410532E-03
   1.605703      5.7440349E-05   3.138547    
   1.623156      1.1911547E-05   3.126291    
   1.640610      7.6130651E-05   3.139554    
   1.658063      5.3769203E-05  3.1382362E-03
   1.675516      4.1095365E-05   3.137863    
   1.692969      2.1679718E-04  7.3099462E-04
   1.710423      1.2773873E-04   3.140108    
   1.727876      6.2233099E-05  2.5538015E-03
   1.745329      6.5000815E-05   3.138655    
   1.762783      1.0542940E-04  1.6193851E-03
   1.780236      1.1214010E-05  1.4480079E-02
   1.797689      4.7498732E-05  4.4628726E-03
   1.815143      4.3177701E-05   3.137781    
   1.832596      1.9510496E-06   3.047158    
   1.850049      3.1985794E-05  3.7206737E-03
   1.867502      5.5109034E-05   3.138063    
   1.884956      1.6725518E-05   3.131166    
   1.902409      5.8443522E-05   3.137905    
   1.919862      8.3805055E-05  1.7516176E-03
   1.937316      6.0572984E-05  2.6818938E-03
   1.954769      2.9873735E-07  0.5400427    
   1.972222      1.2174328E-04   3.140000    
   1.989675      4.5544573E-05   3.137804    
   2.007129      2.4098059E-05   3.136184    
   2.024582      7.7195378E-05  1.8526535E-03
   2.042035      1.8190976E-05   3.132668    
   2.059489      7.3273222E-06  2.0631446E-02
   2.076942      5.5061591E-05   3.139294    
   2.094395      3.3502869E-07  0.3838264    
   2.111848      4.5828896E-05  2.8721103E-03
   2.129302      2.7757351E-05   3.137328    
   2.146755      3.9256761E-06   3.102551    
   2.164208      9.8798439E-05   3.140299    
   2.181662      6.1746803E-05  2.0970711E-03
   2.199115      2.4043549E-05  5.4615326E-03
   2.216568      1.5180749E-05  7.5478153E-03
   2.234021      2.1409828E-04   3.140924    
   2.251475      3.6169422E-05  3.8594813E-03
   2.268928      5.5813376E-05   3.139202    
   2.286381      7.2547002E-05  1.1493642E-03
   2.303835      6.9401312E-06  1.6252887E-02
   2.321288      3.8299055E-05  3.8214244E-03
   2.338741      5.6879626E-06   3.123823    
   2.356194      1.8396837E-05   3.135934    
   2.373648      5.6790500E-06  2.3959165E-02
   2.391101      3.8299109E-05   3.138916    
   2.408554      6.9452599E-06   3.123173    
   2.426008      7.2549628E-05   3.139699    
   2.443461      5.5794160E-05  1.6264950E-03
   2.460914      3.6181344E-05   3.138942    
   2.478368      2.1410515E-04  4.2904139E-04
   2.495821      3.6648442E-05   3.138409    
   2.513274      6.1701699E-05  1.8760299E-03
   2.530727      6.1739825E-05   3.139757    
   2.548181      9.8795885E-05  7.7187363E-04
   2.565634      3.9212537E-06  2.3297155E-02
   2.583087      2.7747581E-05  3.1787741E-03
   2.600541      3.3954446E-05   3.138664    
   2.617994      5.6190806E-06   3.126299    
   2.635447      6.8840374E-05  1.4115943E-03
   2.652900      7.3169194E-06   3.129874    
   2.670354      3.8922467E-06   3.125659    
   2.687807      7.7183540E-05   3.140670    
   2.705260      2.4062101E-05  2.7486791E-03
   2.722714      5.7302557E-05  1.2316987E-03
   2.740167      2.4740211E-05  3.3320731E-03
   2.757620      7.6858320E-05  8.6430716E-04
   2.775074      4.7982125E-05  1.3594542E-03
   2.792527      8.3781364E-05   3.140941    
   2.809980      5.6076231E-05  9.5187029E-04
   2.827433      4.5923472E-05   3.140572    
   2.844887      5.5111035E-05  7.8583421E-04
   2.862340      3.1999913E-05   3.139989    
   2.879793      1.6533314E-06   3.122918    
   2.897247      2.8743949E-05  1.3632565E-03
   2.914700      4.6208210E-05   3.140520    
   2.932153      1.1189185E-05   3.138300    
   2.949607      7.1453789E-05   3.141089    
   2.967060      5.3479325E-05  6.5057114E-04
   2.984513      6.2247142E-05   3.141229    
   3.001966      1.2771947E-04  2.1450336E-04
   3.019420      2.1613554E-04   3.141547    
   3.036873      1.0475342E-04  1.2338681E-04
   3.054326      5.0413113E-05   3.141306    
   3.071780      1.2817276E-04  8.4939216E-05
   3.089233      4.8949978E-06  1.1382935E-03
   3.106686      5.3104821E-05  7.1812734E-05
   3.124139      1.7483169E-05   3.141323    
   3.141593      8.1962253E-06 -1.0844957E-04
