  0.0000000E+00   2.889129      -1.570581    
  1.7453292E-02   2.884074      -1.570588    
  3.4906585E-02   2.888431      -1.570594    
  5.2359879E-02   2.877553      -1.570592    
  6.9813170E-02   2.865390      -1.570584    
  8.7266468E-02   2.817741      -1.570581    
  0.1047198       2.846719      -1.570573    
  0.1221731       2.853858      -1.570586    
  0.1396263       2.847323      -1.570591    
  0.1570796       2.827931      -1.570586    
  0.1745329       2.785661      -1.570584    
  0.1919862       2.819597      -1.570591    
  0.2094395       2.818483      -1.570585    
  0.2268928       2.815821      -1.570586    
  0.2443461       2.799391      -1.570588    
  0.2617994       2.790768      -1.570587    
  0.2792527       2.772949      -1.570588    
  0.2967060       2.763685      -1.570587    
  0.3141593       2.740457      -1.570586    
  0.3316126       2.715764      -1.570588    
  0.3490659       2.657976      -1.570578    
  0.3665192       2.674881      -1.570583    
  0.3839725       2.666035      -1.570584    
  0.4014257       2.646661      -1.570579    
  0.4188790       2.613570      -1.570579    
  0.4363323       2.563629      -1.570583    
  0.4537856       2.581712      -1.570598    
  0.4712389       2.567294      -1.570591    
  0.4886922       2.551939      -1.570592    
  0.5061455       2.523394      -1.570592    
  0.5235988       2.502021      -1.570598    
  0.5410521       2.473018      -1.570589    
  0.5585054       2.450338      -1.570592    
  0.5759587       2.417805      -1.570585    
  0.5934120       2.381372      -1.570589    
  0.6108653       2.317343      -1.570584    
  0.6283185       2.319275      -1.570569    
  0.6457719       2.296418      -1.570585    
  0.6632251       2.265624      -1.570588    
  0.6806784       2.222488      -1.570575    
  0.6981317       2.166490      -1.570586    
  0.7155850       2.167852      -1.570593    
  0.7330383       2.142240      -1.570594    
  0.7504916       2.113994      -1.570585    
  0.7679449       2.074797      -1.570585    
  0.7853982       2.042963      -1.570568    
  0.8028514       2.003937      -1.570585    
  0.8203048       1.970885      -1.570589    
  0.8377581       1.929125      -1.570592    
  0.8552114       1.884459      -1.570577    
  0.8726646       1.818175      -1.570571    
  0.8901180       1.805518      -1.570588    
  0.9075713       1.770354      -1.570576    
  0.9250245       1.730314      -1.570581    
  0.9424778       1.679507      -1.570582    
  0.9599311       1.622349      -1.570584    
  0.9773844       1.606454      -1.570576    
  0.9948377       1.569938      -1.570581    
   1.012291       1.531933      -1.570580    
   1.029744       1.486002      -1.570588    
   1.047198       1.444580      -1.570591    
   1.064651       1.398704      -1.570576    
   1.082104       1.355958      -1.570576    
   1.099558       1.308346      -1.570567    
   1.117011       1.259173      -1.570583    
   1.134464       1.195679      -1.570567    
   1.151917       1.168626      -1.570549    
   1.169371       1.123643      -1.570568    
   1.186824       1.076953      -1.570561    
   1.204277       1.022123      -1.570558    
   1.221731      0.9676347      -1.570572    
   1.239184      0.9354779      -1.570572    
   1.256637      0.8903200      -1.570576    
   1.274090      0.8448247      -1.570552    
   1.291544      0.7952526      -1.570542    
   1.308997      0.7477868      -1.570564    
   1.326450      0.6978850      -1.570559    
   1.343904      0.6497692      -1.570545    
   1.361357      0.5991967      -1.570579    
   1.378810      0.5480369      -1.570570    
   1.396263      0.4914024      -1.570550    
   1.413717      0.4527254      -1.570527    
   1.431170      0.4003527      -1.570575    
   1.448623      0.3502353      -1.570505    
   1.466077      0.2946850      -1.570528    
   1.483530      0.2462655      -1.570481    
   1.500983      0.2004537      -1.570465    
   1.518437      0.1507838      -1.570508    
   1.535890      0.1011535      -1.570342    
   1.553343      5.0383117E-02  -1.570289    
   1.570796      3.6981502E-05 -0.6531463    
   1.588250      5.0375056E-02   1.570620    
   1.605703      0.1011172       1.570787    
   1.623156      0.1507903       1.570827    
   1.640610      0.2004503       1.570885    
   1.658063      0.2463561       1.570916    
   1.675516      0.2947299       1.570886    
   1.692969      0.3502456       1.570963    
   1.710423      0.4003143       1.570915    
   1.727876      0.4524198       1.570946    
   1.745329      0.4914391       1.570966    
   1.762783      0.5480394       1.570987    
   1.780236      0.5991837       1.570953    
   1.797689      0.6496991       1.570960    
   1.815143      0.6979175       1.570945    
   1.832596      0.7478375       1.570979    
   1.850049      0.7951385       1.570972    
   1.867502      0.8444232       1.570992    
   1.884956      0.8902981       1.570971    
   1.902409      0.9351312       1.570971    
   1.919862      0.9671778       1.570975    
   1.937316       1.021726       1.570989    
   1.954769       1.076942       1.570991    
   1.972222       1.123636       1.570982    
   1.989675       1.168853       1.570982    
   2.007129       1.196129       1.570982    
   2.024582       1.259076       1.570978    
   2.042035       1.308309       1.570966    
   2.059489       1.355883       1.570973    
   2.076942       1.398970       1.570969    
   2.094395       1.444543       1.570989    
   2.111848       1.486212       1.570974    
   2.129302       1.531611       1.570982    
   2.146755       1.569220       1.570988    
   2.164208       1.606656       1.570987    
   2.181662       1.622340       1.570998    
   2.199115       1.679320       1.570981    
   2.216568       1.730304       1.570975    
   2.234021       1.770329       1.570984    
   2.251475       1.804842       1.570999    
   2.268928       1.818225       1.571005    
   2.286381       1.884492       1.570999    
   2.303835       1.928980       1.570994    
   2.321288       1.970845       1.570981    
   2.338741       2.003659       1.570991    
   2.356194       2.042980       1.570989    
   2.373648       2.074920       1.570983    
   2.391101       2.113854       1.570985    
   2.408554       2.142211       1.570975    
   2.426008       2.168004       1.570980    
   2.443461       2.166481       1.570983    
   2.460914       2.221705       1.570991    
   2.478368       2.265639       1.570992    
   2.495821       2.296497       1.570996    
   2.513274       2.319471       1.570992    
   2.530727       2.317077       1.570998    
   2.548181       2.381703       1.570993    
   2.565634       2.416611       1.570988    
   2.583087       2.450559       1.570983    
   2.600541       2.472973       1.570983    
   2.617994       2.501965       1.570993    
   2.635447       2.523225       1.570991    
   2.652900       2.550075       1.570987    
   2.670354       2.567395       1.570990    
   2.687807       2.581613       1.570992    
   2.705260       2.564676       1.570994    
   2.722714       2.614095       1.571001    
   2.740167       2.646617       1.570987    
   2.757620       2.666042       1.570992    
   2.775074       2.674870       1.570994    
   2.792527       2.657940       1.570984    
   2.809980       2.716048       1.570993    
   2.827433       2.740554       1.570990    
   2.844887       2.761917       1.570991    
   2.862340       2.772938       1.570986    
   2.879793       2.790694       1.570989    
   2.897247       2.799438       1.570992    
   2.914700       2.815504       1.570992    
   2.932153       2.818426       1.570992    
   2.949607       2.820009       1.570989    
   2.967060       2.785637       1.570994    
   2.984513       2.827931       1.570995    
   3.001966       2.847337       1.570994    
   3.019420       2.853995       1.570995    
   3.036873       2.846766       1.570994    
   3.054326       2.818037       1.570989    
   3.071780       2.865922       1.570991    
   3.089233       2.878864       1.570992    
   3.106686       2.888447       1.570988    
   3.124139       2.884119       1.570989    
   3.141593       2.889039       1.570993    
