  0.0000000E+00  0.0000000E+00  0.0000000E+00
  1.7453292E-02  0.1205804      -1.469075    
  3.4906585E-02  0.2411217      -1.469075    
  5.2359879E-02  0.3615960      -1.469075    
  6.9813170E-02  0.4819561      -1.469074    
  8.7266468E-02  0.6021714      -1.469075    
  0.1047198      0.7222065      -1.469075    
  0.1221731      0.8420249      -1.469075    
  0.1396263      0.9615409      -1.469075    
  0.1570796       1.080828      -1.469074    
  0.1745329       1.199766      -1.469075    
  0.1919862       1.318328      -1.469075    
  0.2094395       1.436495      -1.469074    
  0.2268928       1.554219      -1.469075    
  0.2443461       1.671468      -1.469075    
  0.2617994       1.788217      -1.469075    
  0.2792527       1.904420      -1.469075    
  0.2967060       2.020033      -1.469075    
  0.3141593       2.135061      -1.469075    
  0.3316126       2.249403      -1.469075    
  0.3490659       2.363073      -1.469075    
  0.3665192       2.476033      -1.469075    
  0.3839725       2.588223      -1.469074    
  0.4014257       2.699620      -1.469074    
  0.4188790       2.810201      -1.469075    
  0.4363323       2.919938      -1.469075    
  0.4537856       3.028774      -1.469075    
  0.4712389       3.136713      -1.469075    
  0.4886922       3.243641      -1.469075    
  0.5061455       3.349614      -1.469075    
  0.5235988       3.454573      -1.469075    
  0.5410521       3.558476      -1.469075    
  0.5585054       3.661283      -1.469075    
  0.5759587       3.762997      -1.469075    
  0.5934120       3.863557      -1.469075    
  0.6108653       3.962928      -1.469075    
  0.6283185       4.061100      -1.469075    
  0.6457719       4.158055      -1.469074    
  0.6632251       4.253720      -1.469076    
  0.6806784       4.348069      -1.469075    
  0.6981317       4.441117      -1.469075    
  0.7155850       4.532787      -1.469075    
  0.7330383       4.623126      -1.469074    
  0.7504916       4.712018      -1.469075    
  0.7679449       4.799505      -1.469075    
  0.7853982       4.885496      -1.469075    
  0.8028514       4.970023      -1.469075    
  0.8203048       5.053012      -1.469075    
  0.8377581       5.134478      -1.469074    
  0.8552114       5.214396      -1.469075    
  0.8726646       5.292724      -1.469075    
  0.8901180       5.369426      -1.469075    
  0.9075713       5.444483      -1.469076    
  0.9250245       5.517921      -1.469074    
  0.9424778       5.589622      -1.469075    
  0.9599311       5.659647      -1.469075    
  0.9773844       5.727948      -1.469075    
  0.9948377       5.794481      -1.469074    
   1.012291       5.859270      -1.469075    
   1.029744       5.922287      -1.469075    
   1.047198       5.983478      -1.469075    
   1.064651       6.042876      -1.469075    
   1.082104       6.100393      -1.469075    
   1.099558       6.156087      -1.469075    
   1.117011       6.209914      -1.469075    
   1.134464       6.261825      -1.469075    
   1.151917       6.311828      -1.469075    
   1.169371       6.359983      -1.469074    
   1.186824       6.405795      -1.469075    
   1.204277       6.450268      -1.469075    
   1.221731       6.492481      -1.469075    
   1.239184       6.532715      -1.469075    
   1.256637       6.571042      -1.469075    
   1.274090       6.607256      -1.469075    
   1.291544       6.641488      -1.469075    
   1.308997       6.673713      -1.469075    
   1.326450       6.703909      -1.469075    
   1.343904       6.732052      -1.469075    
   1.361357       6.758186      -1.469074    
   1.378810       6.782225      -1.469075    
   1.396263       6.804192      -1.469075    
   1.413717       6.824178      -1.469075    
   1.431170       6.841896      -1.469074    
   1.448623       6.857647      -1.469074    
   1.466077       6.871279      -1.469075    
   1.483530       6.882805      -1.469075    
   1.500983       6.892308      -1.469075    
   1.518437       6.899677      -1.469074    
   1.535890       6.904920      -1.469075    
   1.553343       6.908081      -1.469075    
   1.570796       6.909126      -1.469075    
   1.588250       6.908097      -1.469075    
   1.605703       6.904919      -1.469075    
   1.623156       6.899649      -1.469074    
   1.640610       6.892338      -1.469075    
   1.658063       6.882857      -1.469074    
   1.675516       6.871294      -1.469075    
   1.692969       6.857358      -1.469076    
   1.710423       6.841909      -1.469076    
   1.727876       6.824089      -1.469074    
   1.745329       6.804193      -1.469075    
   1.762783       6.782154      -1.469075    
   1.780236       6.758188      -1.469075    
   1.797689       6.732049      -1.469075    
   1.815143       6.703900      -1.469075    
   1.832596       6.673718      -1.469075    
   1.850049       6.641503      -1.469075    
   1.867502       6.607233      -1.469074    
   1.884956       6.571018      -1.469075    
   1.902409       6.532734      -1.469075    
   1.919862       6.492487      -1.469075    
   1.937316       6.450330      -1.469075    
   1.954769       6.406030      -1.469074    
   1.972222       6.359639      -1.469075    
   1.989675       6.311905      -1.469075    
   2.007129       6.261873      -1.469075    
   2.024582       6.209890      -1.469075    
   2.042035       6.156113      -1.469074    
   2.059489       6.100398      -1.469075    
   2.076942       6.042869      -1.469075    
   2.094395       5.983477      -1.469075    
   2.111848       5.922302      -1.469075    
   2.129302       5.859271      -1.469075    
   2.146755       5.794515      -1.469074    
   2.164208       5.727933      -1.469075    
   2.181662       5.659684      -1.469075    
   2.199115       5.589689      -1.469075    
   2.216568       5.517905      -1.469074    
   2.234021       5.444499      -1.469074    
   2.251475       5.369424      -1.469075    
   2.268928       5.292683      -1.469075    
   2.286381       5.214410      -1.469075    
   2.303835       5.134497      -1.469074    
   2.321288       5.053013      -1.469075    
   2.338741       4.970021      -1.469075    
   2.356194       4.885489      -1.469075    
   2.373648       4.799492      -1.469075    
   2.391101       4.712015      -1.469075    
   2.408554       4.623127      -1.469074    
   2.426008       4.532820      -1.469075    
   2.443461       4.441083      -1.469075    
   2.460914       4.348074      -1.469075    
   2.478368       4.253723      -1.469074    
   2.495821       4.157881      -1.469074    
   2.513274       4.061108      -1.469075    
   2.530727       3.962964      -1.469075    
   2.548181       3.863542      -1.469075    
   2.565634       3.763008      -1.469075    
   2.583087       3.661283      -1.469075    
   2.600541       3.558466      -1.469075    
   2.617994       3.454567      -1.469075    
   2.635447       3.349613      -1.469075    
   2.652900       3.243642      -1.469074    
   2.670354       3.136694      -1.469074    
   2.687807       3.028761      -1.469075    
   2.705260       2.919963      -1.469075    
   2.722714       2.810234      -1.469075    
   2.740167       2.699631      -1.469074    
   2.757620       2.588238      -1.469074    
   2.775074       2.476022      -1.469075    
   2.792527       2.363072      -1.469075    
   2.809980       2.249405      -1.469075    
   2.827433       2.135062      -1.469075    
   2.844887       2.020030      -1.469075    
   2.862340       1.904421      -1.469075    
   2.879793       1.788214      -1.469075    
   2.897247       1.671466      -1.469075    
   2.914700       1.554217      -1.469075    
   2.932153       1.436498      -1.469075    
   2.949607       1.318331      -1.469075    
   2.967060       1.199766      -1.469074    
   2.984513       1.080828      -1.469074    
   3.001966      0.9615583      -1.469076    
   3.019420      0.8419997      -1.469076    
   3.036873      0.7222028      -1.469075    
   3.054326      0.6021722      -1.469075    
   3.071780      0.4819518      -1.469074    
   3.089233      0.3615934      -1.469074    
   3.106686      0.2411217      -1.469075    
   3.124139      0.1205842      -1.469074    
   3.141593      4.1045587E-06   1.659750    
