  0.0000000E+00  0.0000000E+00  0.0000000E+00
  1.7453292E-02  1.4028889E-05 -3.6224177E-05
  3.4906585E-02  3.1600179E-05   3.141531    
  5.2359879E-02  4.9049177E-05  3.5323505E-05
  6.9813170E-02  2.0387422E-04   3.141587    
  8.7266468E-02  6.5221422E-05  4.9641822E-05
  0.1047198      3.5379540E-05  -3.141364    
  0.1221731      1.8318915E-05  1.9371255E-04
  0.1396263      1.1679809E-05   3.141383    
  0.1570796      1.6311889E-05  3.7276934E-04
  0.1745329      1.5372112E-05   3.141504    
  0.1919862      2.2049426E-04  1.1577449E-05
  0.2094395      2.7749882E-05  -3.141495    
  0.2268928      8.4168416E-05   3.141580    
  0.2443461      8.2084698E-05  2.6968672E-05
  0.2617994      7.3466449E-06  2.5253263E-04
  0.2792527      8.1310318E-05   3.141552    
  0.2967060      1.1880050E-04   3.141554    
  0.3141593      7.1022012E-05  2.7675926E-05
  0.3316126      1.9370239E-04   3.141587    
  0.3490659      4.5444991E-05  5.0479957E-05
  0.3665192      7.6064214E-05  1.7923916E-04
  0.3839725      2.1343808E-06 -3.7529864E-04
  0.4014257      5.0891031E-06   3.138995    
  0.4188790      3.2071384E-05   3.141399    
  0.4363323      5.6403307E-05   3.141494    
  0.4537856      1.9876978E-04  5.9650843E-05
  0.4712389      3.7288773E-05   3.141507    
  0.4886922      1.1512369E-04  1.8293342E-05
  0.5061455      5.4168442E-05  5.1511484E-05
  0.5235988      1.4562290E-06   3.133810    
  0.5410521      7.6217249E-05   3.141591    
  0.5585054      5.5051238E-05  -3.141546    
  0.5759587      6.0006227E-05  2.9222004E-04
  0.5934120      1.9877777E-04   3.141543    
  0.6108653      1.8349161E-05  2.2335075E-04
  0.6283185      2.0047049E-05   3.141310    
  0.6457719      1.7645098E-05   3.141274    
  0.6632251      1.0191176E-05   3.141526    
  0.6806784      3.0905069E-06  4.9498868E-03
  0.6981317      7.7771598E-05   3.141360    
  0.7155850      1.5985957E-04  1.1777504E-04
  0.7330383      7.1761940E-05  -3.141504    
  0.7504916      1.1884309E-04 -1.2620789E-05
  0.7679449      4.6102512E-05  3.7330778E-05
  0.7853982      2.5249832E-08   2.579724    
  0.8028514      2.9250012E-05   3.141497    
  0.8203048      1.0782704E-04   3.141476    
  0.8377581      9.4481911E-05  2.5613850E-04
  0.8552114      1.4687504E-04   3.141585    
  0.8726646      7.7008081E-05 -9.5348725E-05
  0.8901180      3.0958970E-05   3.141291    
  0.9075713      1.5320971E-05  1.6185433E-04
  0.9250245      4.3869904E-06   3.137793    
  0.9424778      2.0056636E-05  7.2905957E-04
  0.9599311      4.1780328E-05  -3.141543    
  0.9773844      1.8905186E-04  3.3062639E-05
  0.9948377      6.6627683E-05   3.141394    
   1.012291      7.9189216E-05  3.1010818E-04
   1.029744      9.1606409E-05  8.0073398E-05
   1.047198      1.5550617E-05   3.139927    
   1.064651      7.9119985E-05   3.141512    
   1.082104      1.2762910E-04   3.141448    
   1.099558      1.0560441E-04   3.141525    
   1.117011      1.5994452E-04   3.141527    
   1.134464      5.6405926E-05  1.1525438E-04
   1.151917      2.4003306E-05  3.8638053E-04
   1.169371      1.6921726E-05   3.139185    
   1.186824      1.6764723E-05   3.141228    
   1.204277      5.3308722E-05   3.141381    
   1.221731      6.3759988E-05  7.3133895E-05
   1.239184      1.8651866E-04  3.0026600E-05
   1.256637      7.0248876E-05   3.141436    
   1.274090      2.2781762E-05  5.7631591E-04
   1.291544      1.2160128E-04  8.5208616E-05
   1.308997      1.3914580E-05  1.2040013E-03
   1.326450      7.2731467E-07   3.141359    
   1.343904      1.1086812E-05  -3.139782    
   1.361357      3.8701943E-05  7.7932421E-04
   1.378810      2.2052033E-04   3.141513    
   1.396263      4.6845791E-05  3.9107530E-04
   1.413717      7.7321107E-05  -3.141513    
   1.431170      6.5334084E-06  2.1078431E-03
   1.448623      2.0565707E-05  2.7641028E-04
   1.466077      1.0823831E-05   3.140071    
   1.483530      5.4923792E-05   3.141468    
   1.500983      1.7595102E-04  3.8298811E-05
   1.518437      8.2661711E-05   3.141387    
   1.535890      2.4310253E-05  3.4088752E-04
   1.553343      1.6172407E-05   3.141527    
   1.570796      1.7656519E-05  9.6996210E-04
   1.588250      6.5785112E-05   3.141476    
   1.605703      2.7224933E-05   3.141390    
   1.623156      5.6327561E-05 -1.5055404E-04
   1.640610      2.0148122E-04   3.141588    
   1.658063      2.2032034E-05   3.140988    
   1.675516      4.0466632E-05   3.141316    
   1.692969      3.5676683E-06  4.7561070E-03
   1.710423      2.2130728E-06  5.2968017E-03
   1.727876      1.6335593E-05  9.1731735E-04
   1.745329      2.2643648E-05   3.140643    
   1.762783      2.4419595E-04  2.0556934E-05
   1.780236      2.1920558E-05   3.140557    
   1.797689      6.4599408E-05  2.7127503E-04
   1.815143      1.3908635E-05  2.2703627E-04
   1.832596      3.0040546E-05  8.8861590E-04
   1.850049      7.2495066E-05   3.141223    
   1.867502      1.0931170E-04   3.141513    
   1.884956      7.0189577E-05  3.4879087E-04
   1.902409      1.8782541E-04   3.141592    
   1.919862      8.0651109E-05  1.3700078E-04
   1.937316      1.3681787E-05  1.8621972E-03
   1.954769      1.9866908E-05  -3.141573    
   1.972222      9.4717943E-06   3.140014    
   1.989675      1.6740075E-06  9.9633075E-03
   2.007129      6.4455220E-05  4.7671734E-04
   2.024582      1.9816511E-04  1.0069734E-05
   2.042035      6.8218636E-05  6.9332709E-05
   2.059489      1.2540929E-04  1.5550932E-04
   2.076942      1.1791215E-04  9.8695207E-05
   2.094395      1.3883264E-05   3.140268    
   2.111848      5.2043477E-05   3.141379    
   2.129302      1.0346631E-05   3.138757    
   2.146755      3.9480063E-05  2.8801578E-04
   2.164208      2.2216642E-04  -3.141589    
   2.181662      6.3729414E-05 -8.5913023E-05
   2.199115      4.1453168E-05   3.141267    
   2.216568      2.9673681E-06   3.138198    
   2.234021      5.7956528E-05  9.5852716E-05
   2.251475      2.4671501E-05   3.140976    
   2.268928      6.0831444E-05  -3.141410    
   2.286381      1.5484834E-04  2.5402473E-05
   2.303835      6.6613276E-05   3.141441    
   2.321288      1.2764407E-04  6.5419053E-06
   2.338741      7.1073060E-05  1.6162483E-04
   2.356194      1.6160918E-07  6.2638119E-02
   2.373648      7.1054033E-05   3.141473    
   2.391101      1.2762035E-04  -3.141474    
   2.408554      6.6598986E-05 -7.5729338E-07
   2.426008      1.5480560E-04   3.141558    
   2.443461      6.0857401E-05  8.7610330E-05
   2.460914      2.4645316E-05  6.8148004E-04
   2.478368      5.7970778E-05   3.141419    
   2.495821      5.7886168E-06   3.140533    
   2.513274      6.1518904E-06  1.4750628E-03
   2.530727      6.3746200E-05   3.141340    
   2.548181      2.2216642E-04  6.1021587E-05
   2.565634      3.9518040E-05   3.141256    
   2.583087      1.0325345E-05  5.3145443E-05
   2.600541      1.1669596E-05  3.3030465E-05
   2.617994      2.4889900E-05  2.4693305E-04
   2.635447      2.8524393E-05  -3.141514    
   2.652900      1.2536185E-04   3.141514    
   2.670354      5.7110570E-05  6.7875121E-06
   2.687807      1.9816503E-04   3.141586    
   2.705260      6.4469699E-05   3.141503    
   2.722714      1.2996675E-05  5.7892618E-04
   2.740167      7.3183887E-06  1.4218616E-03
   2.757620      2.1723279E-06   3.140904    
   2.775074      2.7643389E-05   3.141062    
   2.792527      8.0632301E-05  -3.141549    
   2.809980      1.8536387E-04  1.5858330E-05
   2.827433      6.6805500E-05  2.7189124E-05
   2.844887      1.0930464E-04 -3.1826646E-06
   2.862340      7.2511721E-05  5.7476285E-05
   2.879793      1.8142140E-05   3.141564    
   2.897247      8.7835811E-05  -3.141567    
   2.914700      6.4644351E-05   3.141583    
   2.932153      2.1911019E-05  3.9196522E-05
   2.949607      2.4110579E-04   3.141567    
   2.967060      8.0462632E-06  5.0986605E-04
   2.984513      1.6311891E-05   3.141229    
   3.001966      2.2129818E-06  -3.140756    
   3.019420      1.3265967E-05  2.0046474E-04
   3.036873      3.2112703E-06 -1.6428864E-03
   3.054326      1.7615956E-05  1.5842231E-04
   3.071780      2.5224287E-04  1.3239489E-06
   3.089233      7.8286233E-05   3.141578    
   3.106686      1.2561029E-05  2.4949064E-05
   3.124139      7.1680501E-05 -5.0553258E-06
   3.141593      1.6923692E-05  -3.141584    
