  0.0000000E+00  0.0000000E+00  0.0000000E+00
  1.7453292E-02  0.3455641       1.573278    
  3.4906585E-02  0.6910228       1.573277    
  5.2359879E-02   1.036272       1.573278    
  6.9813170E-02   1.381204       1.573278    
  8.7266468E-02   1.725717       1.573278    
  0.1047198       2.069704       1.573278    
  0.1221731       2.413060       1.573277    
  0.1396263       2.755683       1.573279    
  0.1570796       3.097461       1.573278    
  0.1745329       3.438298       1.573278    
  0.1919862       3.778088       1.573278    
  0.2094395       4.116728       1.573278    
  0.2268928       4.454116       1.573278    
  0.2443461       4.790141       1.573278    
  0.2617994       5.124715       1.573278    
  0.2792527       5.457728       1.573278    
  0.2967060       5.789073       1.573278    
  0.3141593       6.118648       1.573278    
  0.3316126       6.446373       1.573278    
  0.3490659       6.772128       1.573278    
  0.3665192       7.095828       1.573278    
  0.3839725       7.417350       1.573277    
  0.4014257       7.736629       1.573278    
  0.4188790       8.053537       1.573278    
  0.4363323       8.368004       1.573278    
  0.4537856       8.679913       1.573278    
  0.4712389       8.989180       1.573278    
  0.4886922       9.295711       1.573278    
  0.5061455       9.599415       1.573278    
  0.5235988       9.900189       1.573278    
  0.5410521       10.19795       1.573278    
  0.5585054       10.49260       1.573278    
  0.5759587       10.78406       1.573278    
  0.5934120       11.07224       1.573278    
  0.6108653       11.35703       1.573278    
  0.6283185       11.63837       1.573278    
  0.6457719       11.91616       1.573278    
  0.6632251       12.19033       1.573278    
  0.6806784       12.46078       1.573278    
  0.6981317       12.72743       1.573278    
  0.7155850       12.99022       1.573278    
  0.7330383       13.24904       1.573278    
  0.7504916       13.50383       1.573278    
  0.7679449       13.75450       1.573278    
  0.7853982       14.00097       1.573278    
  0.8028514       14.24320       1.573278    
  0.8203048       14.48107       1.573278    
  0.8377581       14.71454       1.573278    
  0.8552114       14.94353       1.573278    
  0.8726646       15.16797       1.573278    
  0.8901180       15.38779       1.573278    
  0.9075713       15.60293       1.573278    
  0.9250245       15.81328       1.573278    
  0.9424778       16.01884       1.573278    
  0.9599311       16.21951       1.573278    
  0.9773844       16.41525       1.573278    
  0.9948377       16.60600       1.573278    
   1.012291       16.79167       1.573278    
   1.029744       16.97221       1.573278    
   1.047198       17.14764       1.573278    
   1.064651       17.31780       1.573278    
   1.082104       17.48269       1.573278    
   1.099558       17.64227       1.573278    
   1.117011       17.79646       1.573278    
   1.134464       17.94523       1.573278    
   1.151917       18.08855       1.573278    
   1.169371       18.22635       1.573278    
   1.186824       18.35858       1.573278    
   1.204277       18.48524       1.573278    
   1.221731       18.60628       1.573278    
   1.239184       18.72162       1.573278    
   1.256637       18.83128       1.573278    
   1.274090       18.93519       1.573278    
   1.291544       19.03334       1.573278    
   1.308997       19.12568       1.573278    
   1.326450       19.21222       1.573278    
   1.343904       19.29289       1.573278    
   1.361357       19.36769       1.573278    
   1.378810       19.43658       1.573278    
   1.396263       19.49955       1.573278    
   1.413717       19.55659       1.573278    
   1.431170       19.60769       1.573278    
   1.448623       19.65279       1.573278    
   1.466077       19.69192       1.573278    
   1.483530       19.72504       1.573278    
   1.500983       19.75214       1.573278    
   1.518437       19.77324       1.573278    
   1.535890       19.78833       1.573278    
   1.553343       19.79736       1.573278    
   1.570796       19.80040       1.573278    
   1.588250       19.79736       1.573278    
   1.605703       19.78832       1.573278    
   1.623156       19.77323       1.573278    
   1.640610       19.75213       1.573278    
   1.658063       19.72503       1.573278    
   1.675516       19.69191       1.573278    
   1.692969       19.65279       1.573278    
   1.710423       19.60769       1.573278    
   1.727876       19.55660       1.573278    
   1.745329       19.49956       1.573278    
   1.762783       19.43658       1.573278    
   1.780236       19.36770       1.573278    
   1.797689       19.29288       1.573278    
   1.815143       19.21222       1.573278    
   1.832596       19.12568       1.573278    
   1.850049       19.03334       1.573278    
   1.867502       18.93519       1.573278    
   1.884956       18.83128       1.573278    
   1.902409       18.72162       1.573278    
   1.919862       18.60627       1.573278    
   1.937316       18.48524       1.573278    
   1.954769       18.35859       1.573278    
   1.972222       18.22632       1.573278    
   1.989675       18.08855       1.573278    
   2.007129       17.94522       1.573278    
   2.024582       17.79646       1.573278    
   2.042035       17.64226       1.573278    
   2.059489       17.48269       1.573278    
   2.076942       17.31779       1.573278    
   2.094395       17.14764       1.573278    
   2.111848       16.97224       1.573278    
   2.129302       16.79166       1.573278    
   2.146755       16.60598       1.573278    
   2.164208       16.41525       1.573278    
   2.181662       16.21951       1.573278    
   2.199115       16.01884       1.573278    
   2.216568       15.81328       1.573278    
   2.234021       15.60292       1.573278    
   2.251475       15.38778       1.573278    
   2.268928       15.16796       1.573278    
   2.286381       14.94355       1.573278    
   2.303835       14.71454       1.573278    
   2.321288       14.48107       1.573278    
   2.338741       14.24320       1.573278    
   2.356194       14.00098       1.573278    
   2.373648       13.75450       1.573278    
   2.391101       13.50382       1.573278    
   2.408554       13.24904       1.573278    
   2.426008       12.99021       1.573278    
   2.443461       12.72744       1.573278    
   2.460914       12.46077       1.573278    
   2.478368       12.19032       1.573278    
   2.495821       11.91615       1.573278    
   2.513274       11.63836       1.573278    
   2.530727       11.35704       1.573278    
   2.548181       11.07223       1.573278    
   2.565634       10.78406       1.573278    
   2.583087       10.49260       1.573279    
   2.600541       10.19794       1.573279    
   2.617994       9.900177       1.573278    
   2.635447       9.599421       1.573278    
   2.652900       9.295726       1.573278    
   2.670354       8.989176       1.573279    
   2.687807       8.679913       1.573278    
   2.705260       8.368008       1.573279    
   2.722714       8.053526       1.573278    
   2.740167       7.736627       1.573278    
   2.757620       7.417356       1.573278    
   2.775074       7.095812       1.573279    
   2.792527       6.772124       1.573278    
   2.809980       6.446375       1.573278    
   2.827433       6.118656       1.573278    
   2.844887       5.789063       1.573279    
   2.862340       5.457723       1.573279    
   2.879793       5.124717       1.573279    
   2.897247       4.790134       1.573278    
   2.914700       4.454113       1.573278    
   2.932153       4.116732       1.573278    
   2.949607       3.778081       1.573279    
   2.967060       3.438291       1.573278    
   2.984513       3.097459       1.573278    
   3.001966       2.755691       1.573279    
   3.019420       2.413051       1.573279    
   3.036873       2.069698       1.573278    
   3.054326       1.725719       1.573279    
   3.071780       1.381194       1.573279    
   3.089233       1.036268       1.573279    
   3.106686      0.6910221       1.573278    
   3.124139      0.3455698       1.573278    
   3.141593      6.1700266E-06  -1.581084    
