  0.0000000E+00  0.9184505      -1.570586    
  1.7453292E-02  0.9135626      -1.570592    
  3.4906585E-02  0.9152191      -1.570584    
  5.2359879E-02  0.9139900      -1.570597    
  6.9813170E-02  0.9169581      -1.570579    
  8.7266468E-02  0.9117811      -1.570579    
  0.1047198      0.9244189      -1.570586    
  0.1221731      0.9102377      -1.570572    
  0.1396263      0.9081283      -1.570590    
  0.1570796      0.9174688      -1.570584    
  0.1745329      0.9013893      -1.570591    
  0.1919862      0.9023258      -1.570598    
  0.2094395      0.8951907      -1.570586    
  0.2268928      0.8923795      -1.570594    
  0.2443461      0.8864466      -1.570585    
  0.2617994      0.8871468      -1.570593    
  0.2792527      0.8782742      -1.570590    
  0.2967060      0.8757826      -1.570594    
  0.3141593      0.8705218      -1.570595    
  0.3316126      0.8691181      -1.570590    
  0.3490659      0.8600350      -1.570588    
  0.3665192      0.8676513      -1.570591    
  0.3839725      0.8502942      -1.570594    
  0.4014257      0.8441480      -1.570591    
  0.4188790      0.8485832      -1.570591    
  0.4363323      0.8295830      -1.570593    
  0.4537856      0.8261946      -1.570595    
  0.4712389      0.8153872      -1.570599    
  0.4886922      0.8086125      -1.570585    
  0.5061455      0.7990388      -1.570597    
  0.5235988      0.7954118      -1.570586    
  0.5410521      0.7830838      -1.570600    
  0.5585054      0.7767203      -1.570586    
  0.5759587      0.7675212      -1.570598    
  0.5934120      0.7620074      -1.570594    
  0.6108653      0.7495969      -1.570599    
  0.6283185      0.7520757      -1.570589    
  0.6457719      0.7324233      -1.570593    
  0.6632251      0.7226406      -1.570588    
  0.6806784      0.7216107      -1.570599    
  0.6981317      0.7013134      -1.570592    
  0.7155850      0.6937576      -1.570593    
  0.7330383      0.6798297      -1.570585    
  0.7504916      0.6697644      -1.570594    
  0.7679449      0.6572931      -1.570598    
  0.7853982      0.6494391      -1.570592    
  0.8028514      0.6346633      -1.570601    
  0.8203048      0.6245487      -1.570578    
  0.8377581      0.6124268      -1.570570    
  0.8552114      0.6029975      -1.570583    
  0.8726646      0.5882037      -1.570586    
  0.8901180      0.5852622      -1.570597    
  0.9075713      0.5646297      -1.570603    
  0.9250245      0.5518633      -1.570592    
  0.9424778      0.5455391      -1.570586    
  0.9599311      0.5251312      -1.570576    
  0.9773844      0.5140197      -1.570578    
  0.9948377      0.4981612      -1.570584    
   1.012291      0.4852859      -1.570572    
   1.029744      0.4705304      -1.570583    
   1.047198      0.4592242      -1.570596    
   1.064651      0.4429031      -1.570566    
   1.082104      0.4298418      -1.570567    
   1.099558      0.4157096      -1.570591    
   1.117011      0.4028897      -1.570588    
   1.134464      0.3866104      -1.570583    
   1.151917      0.3785736      -1.570566    
   1.169371      0.3583577      -1.570597    
   1.186824      0.3435026      -1.570592    
   1.204277      0.3322867      -1.570589    
   1.221731      0.3131705      -1.570560    
   1.239184      0.2993145      -1.570596    
   1.256637      0.2825971      -1.570625    
   1.274090      0.2678461      -1.570557    
   1.291544      0.2518348      -1.570559    
   1.308997      0.2377104      -1.570593    
   1.326450      0.2210147      -1.570574    
   1.343904      0.2060053      -1.570552    
   1.361357      0.1905243      -1.570601    
   1.378810      0.1753372      -1.570522    
   1.396263      0.1587278      -1.570568    
   1.413717      0.1460696      -1.570521    
   1.431170      0.1276653      -1.570513    
   1.448623      0.1117250      -1.570542    
   1.466077      9.6449010E-02  -1.570622    
   1.483530      7.9987347E-02  -1.570542    
   1.500983      6.4170249E-02  -1.570300    
   1.518437      4.7647387E-02  -1.570796    
   1.535890      3.1979091E-02  -1.570166    
   1.553343      1.5954642E-02  -1.570404    
   1.570796      6.7294668E-06  0.6184239    
   1.588250      1.5956290E-02   1.571066    
   1.605703      3.1984992E-02   1.571430    
   1.623156      4.7644433E-02   1.570670    
   1.640610      6.4170860E-02   1.570998    
   1.658063      7.9971805E-02   1.571002    
   1.675516      9.6442536E-02   1.570975    
   1.692969      0.1117213       1.570980    
   1.710423      0.1276716       1.571034    
   1.727876      0.1460325       1.571011    
   1.745329      0.1587222       1.570985    
   1.762783      0.1753462       1.570989    
   1.780236      0.1905267       1.571009    
   1.797689      0.2060180       1.571000    
   1.815143      0.2210152       1.570971    
   1.832596      0.2377018       1.570973    
   1.850049      0.2518551       1.571053    
   1.867502      0.2676440       1.570984    
   1.884956      0.2826017       1.570982    
   1.902409      0.2993248       1.571024    
   1.919862      0.3132496       1.570984    
   1.937316      0.3322267       1.570981    
   1.954769      0.3435047       1.570994    
   1.972222      0.3583599       1.570999    
   1.989675      0.3785245       1.570985    
   2.007129      0.3865379       1.570993    
   2.024582      0.4029090       1.570983    
   2.042035      0.4157149       1.570968    
   2.059489      0.4298648       1.570997    
   2.076942      0.4428575       1.571002    
   2.094395      0.4592321       1.571001    
   2.111848      0.4704932       1.570980    
   2.129302      0.4853426       1.570987    
   2.146755      0.4982834       1.571023    
   2.164208      0.5140622       1.571001    
   2.181662      0.5251464       1.570999    
   2.199115      0.5454324       1.570996    
   2.216568      0.5518656       1.570960    
   2.234021      0.5646346       1.571010    
   2.251475      0.5854135       1.571005    
   2.268928      0.5881933       1.571015    
   2.286381      0.6029846       1.571004    
   2.303835      0.6124508       1.570988    
   2.321288      0.6245554       1.570990    
   2.338741      0.6347128       1.570982    
   2.356194      0.6494349       1.571003    
   2.373648      0.6572745       1.570990    
   2.391101      0.6697873       1.570992    
   2.408554      0.6798335       1.570999    
   2.426008      0.6937292       1.570988    
   2.443461      0.7013156       1.570991    
   2.460914      0.7217942       1.570994    
   2.478368      0.7226375       1.570986    
   2.495821      0.7324098       1.570993    
   2.513274      0.7520638       1.571004    
   2.530727      0.7496094       1.570998    
   2.548181      0.7620390       1.571001    
   2.565634      0.7677236       1.570980    
   2.583087      0.7766721       1.570999    
   2.600541      0.7831092       1.570985    
   2.617994      0.7954218       1.571010    
   2.635447      0.7990653       1.570994    
   2.652900      0.8083224       1.570996    
   2.670354      0.8153719       1.570984    
   2.687807      0.8262081       1.570992    
   2.705260      0.8294137       1.570998    
   2.722714      0.8483887       1.571003    
   2.740167      0.8441553       1.570996    
   2.757620      0.8502930       1.570993    
   2.775074      0.8676457       1.570992    
   2.792527      0.8600351       1.570993    
   2.809980      0.8690726       1.570998    
   2.827433      0.8705060       1.570979    
   2.844887      0.8755288       1.570997    
   2.862340      0.8782746       1.571006    
   2.879793      0.8871590       1.570994    
   2.897247      0.8864422       1.571002    
   2.914700      0.8924346       1.571000    
   2.932153      0.8951992       1.570999    
   2.949607      0.9022393       1.570988    
   2.967060      0.9013973       1.570999    
   2.984513      0.9174693       1.571002    
   3.001966      0.9081258       1.570996    
   3.019420      0.9102163       1.570991    
   3.036873      0.9244072       1.570997    
   3.054326      0.9117330       1.570995    
   3.071780      0.9169779       1.570999    
   3.089233      0.9137670       1.570995    
   3.106686      0.9152155       1.570999    
   3.124139      0.9135548       1.571001    
   3.141593      0.9184697       1.570993    
