  0.0000000E+00  0.0000000E+00  0.0000000E+00
  1.7453292E-02  2.9647771E-07 -8.7293480E-03
  3.4906585E-02  2.0539048E-06 -8.2935477E-03
  5.2359879E-02  6.8301102E-07  -3.130225    
  6.9813170E-02  6.9370934E-08 -0.2900172    
  8.7266468E-02  3.9573487E-07 -6.2701575E-02
  0.1047198      9.6442154E-06 -2.3476237E-03
  0.1221731      1.9546866E-05 -2.7465790E-03
  0.1396263      1.8615732E-05  -3.139462    
  0.1570796      9.4318693E-06  -3.135101    
  0.1745329      3.1195779E-07 -0.1212397    
  0.1919862      4.4794874E-07  -2.949830    
  0.2094395      1.7890407E-06  -3.107002    
  0.2268928      2.1296257E-06  -3.129144    
  0.2443461      4.1594228E-07  -2.868715    
  0.2617994      5.8414673E-07 -0.1481432    
  0.2792527      4.2623341E-07 -0.2613854    
  0.2967060      2.0439552E-06 -2.2665232E-02
  0.3141593      2.3832458E-06 -2.3506682E-02
  0.3316126      1.1900171E-07  -1.707874    
  0.3490659      1.5701721E-07 -0.6260487    
  0.3665192      9.4494844E-06 -1.2017125E-02
  0.3839725      1.9983716E-05 -5.3364537E-03
  0.4014257      2.0187215E-05  -3.133715    
  0.4188790      8.9797431E-06  -3.136010    
  0.4363323      1.0773074E-07  -1.665800    
  0.4537856      2.8527919E-07 -0.5938017    
  0.4712389      1.8918919E-06  -3.055760    
  0.4886922      2.8551781E-06  -3.089680    
  0.5061455      1.5835742E-06 -0.1284766    
  0.5235988      5.9114620E-07  -2.941135    
  0.5410521      3.4083567E-07  -2.705446    
  0.5585054      1.6510262E-06 -0.1061975    
  0.5759587      2.5563829E-06 -5.5571970E-02
  0.5934120      6.2028289E-07  -2.866883    
  0.6108653      8.0250948E-07  -2.914983    
  0.6283185      9.3615472E-06 -2.8403247E-02
  0.6457719      1.9084788E-05 -1.0709281E-02
  0.6632251      1.8316585E-05  -3.129000    
  0.6806784      9.0012136E-06  -3.116210    
  0.6981317      1.1320750E-06 -0.3382462    
  0.7155850      8.2301091E-07 -0.2310571    
  0.7330383      1.2197910E-06  -2.915013    
  0.7504916      2.2713718E-06  -3.084539    
  0.7679449      2.7368691E-07  -2.686912    
  0.7853982      3.2577194E-07  -1.766213    
  0.8028514      8.5598992E-07 -0.4007881    
  0.8203048      2.8599766E-06 -3.1418506E-02
  0.8377581      8.0598409E-07 -0.1803107    
  0.8552114      9.0679441E-07  -3.047273    
  0.8726646      2.5834228E-07  -1.696474    
  0.8901180      9.2351047E-06 -2.9570960E-02
  0.9075713      1.8813182E-05 -9.6051833E-03
  0.9250245      2.1346706E-05  -3.132788    
  0.9424778      9.3621729E-06  -3.096662    
  0.9599311      3.1381353E-07  -1.180417    
  0.9773844      7.0769175E-07 -0.3396724    
  0.9948377      1.3303629E-06  -2.923314    
   1.012291      1.9975564E-06  -2.975172    
   1.029744      2.9015254E-07  -1.128628    
   1.047198      5.3841052E-07  -2.314203    
   1.064651      2.6551604E-06  -3.008401    
   1.082104      1.9736628E-06 -0.1955744    
   1.099558      1.3473002E-06 -0.2205278    
   1.117011      1.2295759E-06  -2.946883    
   1.134464      3.8296349E-07  -1.531569    
   1.151917      8.4148114E-06 -4.0002059E-02
   1.169371      1.9010402E-05 -1.1781348E-02
   1.186824      1.9051809E-05  -3.128836    
   1.204277      9.3963517E-06  -3.107131    
   1.221731      8.0052513E-07  -2.725137    
   1.239184      1.2479144E-06  -3.010891    
   1.256637      1.6790724E-06  -2.868270    
   1.274090      2.6998941E-06  -2.992023    
   1.291544      1.0376816E-06  -3.009407    
   1.308997      8.4621854E-07  -2.903380    
   1.326450      8.8042225E-07 -0.6468036    
   1.343904      3.0400313E-06 -0.1659476    
   1.361357      1.4738507E-06 -0.2558428    
   1.378810      6.3801292E-07 -0.7369280    
   1.396263      5.5878121E-07  -1.214379    
   1.413717      8.3643963E-06 -3.1143814E-02
   1.431170      1.9097322E-05 -1.8236158E-02
   1.448623      1.9655814E-05  -3.118563    
   1.466077      8.9283421E-06  -3.102572    
   1.483530      5.6018206E-07  -2.436280    
   1.500983      1.1768208E-06 -0.3671800    
   1.518437      1.9817010E-06  -2.887996    
   1.535890      2.0427524E-06  -3.001356    
   1.553343      4.5457153E-07  -2.485673    
   1.570796      1.0721163E-06 -0.2581320    
   1.588250      9.0056113E-07 -0.2881233    
   1.605703      2.3827686E-06 -0.1457303    
   1.623156      1.7209585E-06 -0.1243752    
   1.640610      9.4364390E-07 -0.4397553    
   1.658063      6.5724646E-07  -2.387371    
   1.675516      9.8707442E-06 -3.1479977E-02
   1.692969      1.8673365E-05 -1.3937888E-02
   1.710423      1.9667876E-05  -3.136840    
   1.727876      9.3651288E-06  -3.097429    
   1.745329      2.2144108E-07 -0.8734417    
   1.762783      7.0797597E-07 -0.3448177    
   1.780236      1.5603702E-06  -2.914575    
   1.797689      2.2460915E-06  -2.969375    
   1.815143      3.9591885E-07  -1.241927    
   1.832596      3.8653479E-07  -1.883197    
   1.850049      6.7286447E-07 -0.2500110    
   1.867502      2.7449857E-06 -7.8415878E-02
   1.884956      4.0227283E-07  -2.254329    
   1.902409      7.3361133E-07  -2.518106    
   1.919862      2.6360513E-07 -0.8911520    
   1.937316      8.8393272E-06 -2.6576733E-02
   1.954769      2.0495325E-05 -1.6404239E-02
   1.972222      2.0424692E-05  -3.125891    
   1.989675      9.1722322E-06  -3.114975    
   2.007129      1.1600716E-06  -2.685613    
   2.024582      1.5550705E-07  -1.451287    
   2.042035      2.6494517E-06  -3.014762    
   2.059489      2.1834026E-06  -2.935647    
   2.076942      3.3906210E-07  -2.699085    
   2.094395      3.7534016E-07  -1.860435    
   2.111848      5.0876668E-07  -1.055080    
   2.129302      2.9590808E-06 -3.8538959E-02
   2.146755      1.5384092E-06 -0.1228998    
   2.164208      2.4539278E-07 -0.8174042    
   2.181662      2.5854661E-06 -0.1083731    
   2.199115      8.9132682E-06 -2.8835693E-02
   2.216568      2.0072406E-05 -1.4509859E-02
   2.234021      1.9581292E-05  -3.131995    
   2.251475      8.7926110E-06  -3.129944    
   2.268928      1.5837577E-06 -0.2052770    
   2.286381      2.4260004E-07  -1.690511    
   2.303835      1.6692857E-06  -2.994015    
   2.321288      2.2137210E-06  -3.058541    
   2.338741      2.3303678E-06 -4.1094355E-02
   2.356194      9.3531889E-07 -0.3964828    
   2.373648      2.1474918E-06  -3.014544    
   2.391101      2.3383518E-06 -6.6647768E-02
   2.408554      1.8527757E-06 -0.1284768    
   2.426008      3.4135880E-07  -1.111565    
   2.443461      1.4131327E-06  -3.003620    
   2.460914      8.9508321E-06 -2.6996750E-02
   2.478368      1.9708359E-05 -9.3024839E-03
   2.495821      1.8798581E-05  -3.131850    
   2.513274      9.1467191E-06  -3.123921    
   2.530727      2.3617415E-06  -3.025778    
   2.548181      2.4245080E-07  -1.415326    
   2.565634      1.3806275E-06  -2.986511    
   2.583087      2.8002078E-06  -3.075619    
   2.600541      6.7768860E-07 -0.2358061    
   2.617994      3.3543409E-07 -0.5729727    
   2.635447      7.9794000E-07 -0.2266180    
   2.652900      2.3903638E-06 -1.0431228E-02
   2.670354      2.5314644E-06 -5.3829242E-02
   2.687807      2.0515675E-07 -0.6499112    
   2.705260      1.2846941E-06 -0.1189088    
   2.722714      8.7183553E-06 -1.2289195E-02
   2.740167      1.9831085E-05 -2.8808969E-03
   2.757620      2.0330601E-05  -3.131444    
   2.775074      9.5924797E-06  -3.123811    
   2.792527      7.9557736E-08  -1.363559    
   2.809980      1.2808774E-06 -6.6222571E-02
   2.827433      4.3715491E-07  -2.891327    
   2.844887      2.6126490E-06  -3.131097    
   2.862340      5.2351044E-07  -2.924840    
   2.879793      1.1640415E-07 -0.2973910    
   2.897247      8.2433286E-07 -6.1295506E-02
   2.914700      2.6367270E-06 -2.5368270E-02
   2.932153      1.6356153E-06 -5.9643954E-02
   2.949607      5.3719862E-08 -0.8500819    
   2.967060      8.3319742E-07  -3.056306    
   2.984513      9.4226016E-06 -8.7678190E-03
   3.001966      1.9774294E-05 -1.7681585E-03
   3.019420      1.7784658E-05   3.140746    
   3.036873      8.3860650E-06  -3.138324    
   3.054326      4.3940538E-08  -1.653100    
   3.071780      3.5269076E-07  -3.044798    
   3.089233      1.7834716E-06  -3.141221    
   3.106686      2.8388304E-06  -3.138931    
   3.124139      6.4462817E-08  -3.027549    
   3.141593      1.0008237E-06   3.136853    
