  0.0000000E+00   4.847051      -1.538527    
  1.7453292E-02   4.846326      -1.538524    
  3.4906585E-02   4.844120      -1.538524    
  5.2359879E-02   4.840573      -1.538525    
  6.9813170E-02   4.835141      -1.538524    
  8.7266468E-02   4.828596      -1.538522    
  0.1047198       4.820780      -1.538524    
  0.1221731       4.810926      -1.538526    
  0.1396263       4.799736      -1.538525    
  0.1570796       4.787668      -1.538524    
  0.1745329       4.773169      -1.538525    
  0.1919862       4.757882      -1.538525    
  0.2094395       4.741230      -1.538526    
  0.2268928       4.722851      -1.538524    
  0.2443461       4.703074      -1.538522    
  0.2617994       4.681895      -1.538525    
  0.2792527       4.659283      -1.538524    
  0.2967060       4.635284      -1.538526    
  0.3141593       4.609971      -1.538524    
  0.3316126       4.582851      -1.538527    
  0.3490659       4.554516      -1.538522    
  0.3665192       4.525346      -1.538525    
  0.3839725       4.494005      -1.538527    
  0.4014257       4.461606      -1.538524    
  0.4188790       4.428239      -1.538525    
  0.4363323       4.392693      -1.538525    
  0.4537856       4.356380      -1.538525    
  0.4712389       4.318901      -1.538525    
  0.4886922       4.279718      -1.538524    
  0.5061455       4.239334      -1.538525    
  0.5235988       4.197666      -1.538524    
  0.5410521       4.154736      -1.538524    
  0.5585054       4.110557      -1.538522    
  0.5759587       4.065141      -1.538525    
  0.5934120       4.018291      -1.538524    
  0.6108653       3.970265      -1.538525    
  0.6283185       3.921586      -1.538527    
  0.6457719       3.870999      -1.538525    
  0.6632251       3.819585      -1.538526    
  0.6806784       3.767086      -1.538524    
  0.6981317       3.712868      -1.538526    
  0.7155850       3.658027      -1.538525    
  0.7330383       3.602177      -1.538526    
  0.7504916       3.544930      -1.538521    
  0.7679449       3.486675      -1.538524    
  0.7853982       3.427383      -1.538525    
  0.8028514       3.367046      -1.538524    
  0.8203048       3.305697      -1.538526    
  0.8377581       3.243363      -1.538525    
  0.8552114       3.179870      -1.538525    
  0.8726646       3.115482      -1.538523    
  0.8901180       3.050529      -1.538525    
  0.9075713       2.984177      -1.538526    
  0.9250245       2.916980      -1.538527    
  0.9424778       2.849195      -1.538527    
  0.9599311       2.780007      -1.538526    
  0.9773844       2.710379      -1.538524    
  0.9948377       2.639948      -1.538522    
   1.012291       2.568562      -1.538523    
   1.029744       2.496415      -1.538522    
   1.047198       2.423544      -1.538527    
   1.064651       2.349894      -1.538520    
   1.082104       2.275565      -1.538524    
   1.099558       2.200525      -1.538523    
   1.117011       2.124756      -1.538526    
   1.134464       2.048357      -1.538524    
   1.151917       1.971586      -1.538529    
   1.169371       1.893912      -1.538523    
   1.186824       1.815650      -1.538523    
   1.204277       1.737133      -1.538528    
   1.221731       1.657788      -1.538526    
   1.239184       1.578004      -1.538525    
   1.256637       1.497873      -1.538528    
   1.274090       1.417151      -1.538522    
   1.291544       1.336019      -1.538534    
   1.308997       1.254478      -1.538526    
   1.326450       1.172608      -1.538533    
   1.343904       1.090355      -1.538531    
   1.361357       1.007770      -1.538522    
   1.378810      0.9248266      -1.538529    
   1.396263      0.8416380      -1.538534    
   1.413717      0.7582995      -1.538520    
   1.431170      0.6746008      -1.538538    
   1.448623      0.5906551      -1.538519    
   1.466077      0.5066800      -1.538526    
   1.483530      0.4224612      -1.538517    
   1.500983      0.3381094      -1.538557    
   1.518437      0.2536737      -1.538570    
   1.535890      0.1691603      -1.538575    
   1.553343      8.4590904E-02  -1.538651    
   1.570796      5.1365823E-06  -1.737786    
   1.588250      8.4589988E-02   1.603060    
   1.605703      0.1691643       1.603082    
   1.623156      0.2536849       1.603082    
   1.640610      0.3381099       1.603048    
   1.658063      0.4224384       1.603080    
   1.675516      0.5066805       1.603072    
   1.692969      0.5906572       1.603068    
   1.710423      0.6746215       1.603061    
   1.727876      0.7582933       1.603070    
   1.745329      0.8416299       1.603077    
   1.762783      0.9248385       1.603072    
   1.780236       1.007773       1.603078    
   1.797689       1.090353       1.603062    
   1.815143       1.172611       1.603067    
   1.832596       1.254475       1.603078    
   1.850049       1.336028       1.603075    
   1.867502       1.417136       1.603077    
   1.884956       1.497861       1.603066    
   1.902409       1.578001       1.603072    
   1.919862       1.657694       1.603068    
   1.937316       1.737143       1.603067    
   1.954769       1.815690       1.603075    
   1.972222       1.893818       1.603073    
   1.989675       1.971592       1.603068    
   2.007129       2.048362       1.603070    
   2.024582       2.124754       1.603071    
   2.042035       2.200553       1.603069    
   2.059489       2.275560       1.603071    
   2.076942       2.349899       1.603073    
   2.094395       2.423535       1.603068    
   2.111848       2.496415       1.603069    
   2.129302       2.568572       1.603073    
   2.146755       2.639954       1.603071    
   2.164208       2.710384       1.603070    
   2.181662       2.780008       1.603067    
   2.199115       2.849192       1.603070    
   2.216568       2.916947       1.603070    
   2.234021       2.984126       1.603068    
   2.251475       3.050532       1.603071    
   2.268928       3.115625       1.603070    
   2.286381       3.179871       1.603067    
   2.303835       3.243411       1.603067    
   2.321288       3.305699       1.603070    
   2.338741       3.367046       1.603068    
   2.356194       3.427408       1.603067    
   2.373648       3.486680       1.603068    
   2.391101       3.544930       1.603073    
   2.408554       3.602173       1.603070    
   2.426008       3.658018       1.603066    
   2.443461       3.713050       1.603071    
   2.460914       3.767090       1.603071    
   2.478368       3.819496       1.603070    
   2.495821       3.870896       1.603066    
   2.513274       3.921578       1.603068    
   2.530727       3.970278       1.603069    
   2.548181       4.018291       1.603069    
   2.565634       4.065158       1.603068    
   2.583087       4.110562       1.603072    
   2.600541       4.154717       1.603068    
   2.617994       4.197670       1.603071    
   2.635447       4.239335       1.603071    
   2.652900       4.279687       1.603068    
   2.670354       4.318849       1.603070    
   2.687807       4.356381       1.603070    
   2.705260       4.392694       1.603071    
   2.722714       4.428280       1.603070    
   2.740167       4.461618       1.603070    
   2.757620       4.494019       1.603068    
   2.775074       4.525382       1.603067    
   2.792527       4.554520       1.603072    
   2.809980       4.582861       1.603068    
   2.827433       4.609888       1.603069    
   2.844887       4.635252       1.603070    
   2.862340       4.659290       1.603068    
   2.879793       4.681893       1.603070    
   2.897247       4.703074       1.603069    
   2.914700       4.722850       1.603067    
   2.932153       4.741230       1.603070    
   2.949607       4.757872       1.603068    
   2.967060       4.773432       1.603071    
   2.984513       4.787669       1.603069    
   3.001966       4.799862       1.603067    
   3.019420       4.810874       1.603068    
   3.036873       4.820787       1.603070    
   3.054326       4.828364       1.603071    
   3.071780       4.835160       1.603070    
   3.089233       4.840500       1.603068    
   3.106686       4.844120       1.603069    
   3.124139       4.846317       1.603070    
   3.141593       4.847083       1.603067    
