  0.0000000E+00  0.8499888       2.832015    
  1.7453292E-02  0.8499904       2.832015    
  3.4906585E-02  0.8499922       2.832016    
  5.2359879E-02  0.8499895       2.832015    
  6.9813170E-02  0.8499848       2.832014    
  8.7266468E-02  0.8499959       2.832017    
  0.1047198      0.8499954       2.832017    
  0.1221731      0.8499790       2.832011    
  0.1396263      0.8499635       2.832005    
  0.1570796      0.8499882       2.832015    
  0.1745329      0.8499915       2.832016    
  0.1919862      0.8499869       2.832014    
  0.2094395      0.8499935       2.832016    
  0.2268928      0.8499901       2.832016    
  0.2443461      0.8499897       2.832015    
  0.2617994      0.8499894       2.832015    
  0.2792527      0.8499894       2.832015    
  0.2967060      0.8499924       2.832016    
  0.3141593      0.8499888       2.832014    
  0.3316126      0.8499921       2.832016    
  0.3490659      0.8499931       2.832017    
  0.3665192      0.8499900       2.832016    
  0.3839725      0.8499658       2.832006    
  0.4014257      0.8499665       2.832007    
  0.4188790      0.8499959       2.832017    
  0.4363323      0.8499931       2.832016    
  0.4537856      0.8499891       2.832015    
  0.4712389      0.8499887       2.832015    
  0.4886922      0.8499936       2.832016    
  0.5061455      0.8499892       2.832015    
  0.5235988      0.8499889       2.832015    
  0.5410521      0.8499886       2.832015    
  0.5585054      0.8499925       2.832016    
  0.5759587      0.8499884       2.832015    
  0.5934120      0.8499891       2.832014    
  0.6108653      0.8499928       2.832016    
  0.6283185      0.8499868       2.832014    
  0.6457719      0.8499642       2.832006    
  0.6632251      0.8499845       2.832013    
  0.6806784      0.8499976       2.832018    
  0.6981317      0.8499902       2.832015    
  0.7155850      0.8499854       2.832014    
  0.7330383      0.8499886       2.832014    
  0.7504916      0.8499927       2.832016    
  0.7679449      0.8499906       2.832016    
  0.7853982      0.8499886       2.832015    
  0.8028514      0.8499874       2.832015    
  0.8203048      0.8499933       2.832016    
  0.8377581      0.8499898       2.832015    
  0.8552114      0.8499951       2.832017    
  0.8726646      0.8499903       2.832015    
  0.8901180      0.8499864       2.832014    
  0.9075713      0.8499804       2.832011    
  0.9250245      0.8499635       2.832006    
  0.9424778      0.8499876       2.832015    
  0.9599311      0.8499938       2.832017    
  0.9773844      0.8499873       2.832014    
  0.9948377      0.8499926       2.832016    
   1.012291      0.8499910       2.832016    
   1.029744      0.8499887       2.832015    
   1.047198      0.8499885       2.832014    
   1.064651      0.8499888       2.832015    
   1.082104      0.8499938       2.832016    
   1.099558      0.8499871       2.832014    
   1.117011      0.8499911       2.832016    
   1.134464      0.8499922       2.832016    
   1.151917      0.8499959       2.832017    
   1.169371      0.8500016       2.832019    
   1.186824      0.8499436       2.831998    
   1.204277      0.8499816       2.832012    
   1.221731      0.8499929       2.832016    
   1.239184      0.8499936       2.832016    
   1.256637      0.8499898       2.832015    
   1.274090      0.8499877       2.832015    
   1.291544      0.8499893       2.832015    
   1.308997      0.8499916       2.832016    
   1.326450      0.8499908       2.832015    
   1.343904      0.8499935       2.832016    
   1.361357      0.8499930       2.832016    
   1.378810      0.8499867       2.832014    
   1.396263      0.8499900       2.832015    
   1.413717      0.8499933       2.832016    
   1.431170      0.8499655       2.832006    
   1.448623      0.8499649       2.832006    
   1.466077      0.8499888       2.832015    
   1.483530      0.8499971       2.832018    
   1.500983      0.8499931       2.832016    
   1.518437      0.8499874       2.832014    
   1.535890      0.8499929       2.832016    
   1.553343      0.8499886       2.832015    
   1.570796      0.8499900       2.832015    
   1.588250      0.8499916       2.832016    
   1.605703      0.8499935       2.832016    
   1.623156      0.8499898       2.832015    
   1.640610      0.8499911       2.832016    
   1.658063      0.8499923       2.832016    
   1.675516      0.8499935       2.832017    
   1.692969      0.8499638       2.832005    
   1.710423      0.8499774       2.832010    
   1.727876      0.8499880       2.832015    
   1.745329      0.8499922       2.832016    
   1.762783      0.8499869       2.832014    
   1.780236      0.8499912       2.832016    
   1.797689      0.8499914       2.832016    
   1.815143      0.8499897       2.832015    
   1.832596      0.8499905       2.832015    
   1.850049      0.8499908       2.832016    
   1.867502      0.8499926       2.832016    
   1.884956      0.8499913       2.832016    
   1.902409      0.8499907       2.832016    
   1.919862      0.8499895       2.832015    
   1.937316      0.8499851       2.832014    
   1.954769      0.8499672       2.832007    
   1.972222      0.8499449       2.831999    
   1.989675      0.8499930       2.832017    
   2.007129      0.8499870       2.832014    
   2.024582      0.8499925       2.832016    
   2.042035      0.8499916       2.832016    
   2.059489      0.8499922       2.832016    
   2.076942      0.8499901       2.832016    
   2.094395      0.8499891       2.832015    
   2.111848      0.8499894       2.832015    
   2.129302      0.8499935       2.832016    
   2.146755      0.8499918       2.832016    
   2.164208      0.8499927       2.832016    
   2.181662      0.8499889       2.832015    
   2.199115      0.8499894       2.832015    
   2.216568      0.8499609       2.832004    
   2.234021      0.8499681       2.832008    
   2.251475      0.8499950       2.832017    
   2.268928      0.8500000       2.832019    
   2.286381      0.8499908       2.832016    
   2.303835      0.8499868       2.832014    
   2.321288      0.8499924       2.832016    
   2.338741      0.8499902       2.832015    
   2.356194      0.8499893       2.832014    
   2.373648      0.8499891       2.832014    
   2.391101      0.8499936       2.832016    
   2.408554      0.8499868       2.832014    
   2.426008      0.8499920       2.832016    
   2.443461      0.8500007       2.832019    
   2.460914      0.8499956       2.832017    
   2.478368      0.8499686       2.832008    
   2.495821      0.8499485       2.831999    
   2.513274      0.8499800       2.832012    
   2.530727      0.8499882       2.832015    
   2.548181      0.8499917       2.832016    
   2.565634      0.8499913       2.832016    
   2.583087      0.8499932       2.832016    
   2.600541      0.8499891       2.832015    
   2.617994      0.8499882       2.832014    
   2.635447      0.8499897       2.832015    
   2.652900      0.8499935       2.832016    
   2.670354      0.8499911       2.832016    
   2.687807      0.8499916       2.832015    
   2.705260      0.8499868       2.832014    
   2.722714      0.8499851       2.832014    
   2.740167      0.8499653       2.832006    
   2.757620      0.8499658       2.832006    
   2.775074      0.8499957       2.832018    
   2.792527      0.8499897       2.832015    
   2.809980      0.8499878       2.832014    
   2.827433      0.8499917       2.832015    
   2.844887      0.8499921       2.832016    
   2.862340      0.8499901       2.832016    
   2.879793      0.8499906       2.832016    
   2.897247      0.8499906       2.832015    
   2.914700      0.8499915       2.832016    
   2.932153      0.8499910       2.832016    
   2.949607      0.8499936       2.832016    
   2.967060      0.8499976       2.832018    
   2.984513      0.8499866       2.832014    
   3.001966      0.8499767       2.832009    
   3.019420      0.8499650       2.832005    
   3.036873      0.8499945       2.832016    
   3.054326      0.8499929       2.832017    
   3.071780      0.8499869       2.832014    
   3.089233      0.8499897       2.832016    
   3.106686      0.8499919       2.832016    
   3.124139      0.8499897       2.832015    
   3.141593      0.8499897       2.832015    
