  0.0000000E+00   14.38001      -1.548212    
  1.7453292E-02   14.37731      -1.548215    
  3.4906585E-02   14.37037      -1.548213    
  5.2359879E-02   14.35908      -1.548212    
  6.9813170E-02   14.34382      -1.548213    
  8.7266468E-02   14.32479      -1.548213    
  0.1047198       14.30061      -1.548214    
  0.1221731       14.27099      -1.548204    
  0.1396263       14.24054      -1.548210    
  0.1570796       14.20224      -1.548213    
  0.1745329       14.16135      -1.548213    
  0.1919862       14.11490      -1.548213    
  0.2094395       14.06483      -1.548212    
  0.2268928       14.01063      -1.548213    
  0.2443461       13.95232      -1.548215    
  0.2617994       13.89001      -1.548214    
  0.2792527       13.82245      -1.548212    
  0.2967060       13.75084      -1.548212    
  0.3141593       13.67504      -1.548213    
  0.3316126       13.59554      -1.548212    
  0.3490659       13.51262      -1.548214    
  0.3665192       13.42431      -1.548213    
  0.3839725       13.33321      -1.548208    
  0.4014257       13.23730      -1.548209    
  0.4188790       13.13632      -1.548214    
  0.4363323       13.03257      -1.548212    
  0.4537856       12.92371      -1.548212    
  0.4712389       12.81164      -1.548213    
  0.4886922       12.69607      -1.548214    
  0.5061455       12.57660      -1.548214    
  0.5235988       12.45345      -1.548213    
  0.5410521       12.32565      -1.548213    
  0.5585054       12.19420      -1.548213    
  0.5759587       12.05951      -1.548213    
  0.5934120       11.92085      -1.548211    
  0.6108653       11.77916      -1.548214    
  0.6283185       11.63292      -1.548215    
  0.6457719       11.48402      -1.548208    
  0.6632251       11.32979      -1.548205    
  0.6806784       11.17499      -1.548214    
  0.6981317       11.01529      -1.548212    
  0.7155850       10.85179      -1.548213    
  0.7330383       10.68565      -1.548211    
  0.7504916       10.51627      -1.548213    
  0.7679449       10.34368      -1.548213    
  0.7853982       10.16820      -1.548214    
  0.8028514       9.988843      -1.548215    
  0.8203048       9.806522      -1.548211    
  0.8377581       9.621515      -1.548215    
  0.8552114       9.433373      -1.548211    
  0.8726646       9.243026      -1.548213    
  0.8901180       9.048962      -1.548216    
  0.9075713       8.852041      -1.548206    
  0.9250245       8.654029      -1.548208    
  0.9424778       8.452051      -1.548217    
  0.9599311       8.247910      -1.548216    
  0.9773844       8.040667      -1.548213    
  0.9948377       7.831442      -1.548214    
   1.012291       7.619830      -1.548213    
   1.029744       7.405989      -1.548215    
   1.047198       7.190054      -1.548216    
   1.064651       6.971316      -1.548212    
   1.082104       6.750569      -1.548213    
   1.099558       6.527997      -1.548217    
   1.117011       6.303326      -1.548212    
   1.134464       6.077218      -1.548212    
   1.151917       5.848472      -1.548214    
   1.169371       5.618390      -1.548206    
   1.186824       5.386717      -1.548209    
   1.204277       5.153029      -1.548217    
   1.221731       4.917920      -1.548214    
   1.239184       4.681287      -1.548216    
   1.256637       4.443338      -1.548214    
   1.274090       4.204028      -1.548214    
   1.291544       3.963556      -1.548213    
   1.308997       3.721881      -1.548215    
   1.326450       3.478721      -1.548220    
   1.343904       3.234594      -1.548214    
   1.361357       2.989568      -1.548211    
   1.378810       2.743720      -1.548213    
   1.396263       2.496882      -1.548219    
   1.413717       2.249317      -1.548216    
   1.431170       2.001153      -1.548211    
   1.448623       1.752754      -1.548225    
   1.466077       1.503150      -1.548224    
   1.483530       1.253349      -1.548214    
   1.500983       1.002985      -1.548229    
   1.518437      0.7525712      -1.548222    
   1.535890      0.5018357      -1.548246    
   1.553343      0.2509703      -1.548276    
   1.570796      2.4396215E-06   1.790309    
   1.588250      0.2509845       1.593394    
   1.605703      0.5018517       1.593415    
   1.623156      0.7525708       1.593378    
   1.640610       1.002978       1.593389    
   1.658063       1.253409       1.593387    
   1.675516       1.503269       1.593394    
   1.692969       1.752276       1.593391    
   1.710423       2.000938       1.593392    
   1.727876       2.249213       1.593380    
   1.745329       2.496897       1.593392    
   1.762783       2.743732       1.593394    
   1.780236       2.989571       1.593381    
   1.797689       3.234536       1.593385    
   1.815143       3.478758       1.593379    
   1.832596       3.721825       1.593386    
   1.850049       3.963536       1.593387    
   1.867502       4.204056       1.593382    
   1.884956       4.443413       1.593384    
   1.902409       4.681294       1.593381    
   1.919862       4.918067       1.593381    
   1.937316       5.153060       1.593379    
   1.954769       5.387263       1.593390    
   1.972222       5.618239       1.593388    
   1.989675       5.848666       1.593384    
   2.007129       6.077029       1.593381    
   2.024582       6.303319       1.593383    
   2.042035       6.527944       1.593380    
   2.059489       6.750554       1.593383    
   2.076942       6.971348       1.593386    
   2.094395       7.190059       1.593383    
   2.111848       7.406009       1.593382    
   2.129302       7.619839       1.593381    
   2.146755       7.831395       1.593378    
   2.164208       8.040617       1.593382    
   2.181662       8.248016       1.593380    
   2.199115       8.452089       1.593382    
   2.216568       8.654358       1.593385    
   2.234021       8.852929       1.593388    
   2.251475       9.049202       1.593382    
   2.268928       9.243145       1.593379    
   2.286381       9.433392       1.593384    
   2.303835       9.621366       1.593383    
   2.321288       9.806525       1.593383    
   2.338741       9.988832       1.593379    
   2.356194       10.16827       1.593382    
   2.373648       10.34375       1.593380    
   2.391101       10.51627       1.593381    
   2.408554       10.68565       1.593382    
   2.426008       10.85183       1.593382    
   2.443461       11.01552       1.593380    
   2.460914       11.17514       1.593383    
   2.478368       11.33160       1.593386    
   2.495821       11.48363       1.593391    
   2.513274       11.63275       1.593382    
   2.530727       11.77943       1.593381    
   2.548181       11.92085       1.593383    
   2.565634       12.05926       1.593382    
   2.583087       12.19419       1.593381    
   2.600541       12.32572       1.593380    
   2.617994       12.45343       1.593379    
   2.635447       12.57664       1.593380    
   2.652900       12.69600       1.593380    
   2.670354       12.81186       1.593382    
   2.687807       12.92366       1.593383    
   2.705260       13.03216       1.593382    
   2.722714       13.13616       1.593381    
   2.740167       13.23710       1.593386    
   2.757620       13.33319       1.593385    
   2.775074       13.42450       1.593380    
   2.792527       13.51239       1.593382    
   2.809980       13.59573       1.593381    
   2.827433       13.67547       1.593383    
   2.844887       13.75081       1.593382    
   2.862340       13.82242       1.593382    
   2.879793       13.89010       1.593380    
   2.897247       13.95251       1.593381    
   2.914700       14.01061       1.593381    
   2.932153       14.06484       1.593381    
   2.949607       14.11433       1.593382    
   2.967060       14.16181       1.593378    
   2.984513       14.20224       1.593379    
   3.001966       14.23833       1.593389    
   3.019420       14.26993       1.593391    
   3.036873       14.30066       1.593380    
   3.054326       14.32502       1.593381    
   3.071780       14.34398       1.593381    
   3.089233       14.35958       1.593381    
   3.106686       14.37039       1.593382    
   3.124139       14.37745       1.593380    
   3.141593       14.38012       1.593380    
