  0.0000000E+00  0.0000000E+00  0.0000000E+00
  1.7453292E-02  8.4591292E-02  -1.538524    
  3.4906585E-02  0.1691630      -1.538524    
  5.2359879E-02  0.2536870      -1.538524    
  6.9813170E-02  0.3381003      -1.538523    
  8.7266468E-02  0.4224434      -1.538523    
  0.1047198      0.5066823      -1.538524    
  0.1221731      0.5906673      -1.538524    
  0.1396263      0.6746007      -1.538525    
  0.1570796      0.7582932      -1.538524    
  0.1745329      0.8416291      -1.538524    
  0.1919862      0.9248263      -1.538524    
  0.2094395       1.007772      -1.538524    
  0.2268928       1.090354      -1.538524    
  0.2443461       1.172608      -1.538523    
  0.2617994       1.254503      -1.538524    
  0.2792527       1.336028      -1.538523    
  0.2967060       1.417153      -1.538524    
  0.3141593       1.497874      -1.538524    
  0.3316126       1.577999      -1.538524    
  0.3490659       1.657697      -1.538524    
  0.3665192       1.737126      -1.538524    
  0.3839725       1.815653      -1.538525    
  0.4014257       1.893848      -1.538525    
  0.4188790       1.971577      -1.538524    
  0.4363323       2.048359      -1.538524    
  0.4537856       2.124753      -1.538524    
  0.4712389       2.200590      -1.538524    
  0.4886922       2.275565      -1.538524    
  0.5061455       2.349897      -1.538523    
  0.5235988       2.423531      -1.538524    
  0.5410521       2.496412      -1.538523    
  0.5585054       2.568565      -1.538524    
  0.5759587       2.639937      -1.538524    
  0.5934120       2.710368      -1.538524    
  0.6108653       2.780019      -1.538524    
  0.6283185       2.849196      -1.538524    
  0.6457719       2.916951      -1.538525    
  0.6632251       2.984202      -1.538525    
  0.6806784       3.050524      -1.538524    
  0.6981317       3.115486      -1.538524    
  0.7155850       3.179881      -1.538524    
  0.7330383       3.243411      -1.538524    
  0.7504916       3.305695      -1.538524    
  0.7679449       3.367044      -1.538524    
  0.7853982       3.427383      -1.538524    
  0.8028514       3.486679      -1.538523    
  0.8203048       3.544929      -1.538524    
  0.8377581       3.602129      -1.538524    
  0.8552114       3.658014      -1.538524    
  0.8726646       3.712868      -1.538524    
  0.8901180       3.767081      -1.538524    
  0.9075713       3.819508      -1.538525    
  0.9250245       3.870979      -1.538525    
  0.9424778       3.921585      -1.538524    
  0.9599311       3.970287      -1.538524    
  0.9773844       4.018274      -1.538524    
  0.9948377       4.065147      -1.538524    
   1.012291       4.110550      -1.538524    
   1.029744       4.154728      -1.538523    
   1.047198       4.197700      -1.538524    
   1.064651       4.239325      -1.538524    
   1.082104       4.279716      -1.538524    
   1.099558       4.318797      -1.538524    
   1.117011       4.356390      -1.538524    
   1.134464       4.392693      -1.538524    
   1.151917       4.428256      -1.538524    
   1.169371       4.461692      -1.538524    
   1.186824       4.493908      -1.538525    
   1.204277       4.525366      -1.538524    
   1.221731       4.554755      -1.538524    
   1.239184       4.582874      -1.538524    
   1.256637       4.609972      -1.538524    
   1.274090       4.635291      -1.538524    
   1.291544       4.659249      -1.538524    
   1.308997       4.681802      -1.538524    
   1.326450       4.703077      -1.538524    
   1.343904       4.722858      -1.538524    
   1.361357       4.741220      -1.538524    
   1.378810       4.757877      -1.538524    
   1.396263       4.773180      -1.538524    
   1.413717       4.787667      -1.538524    
   1.431170       4.799740      -1.538525    
   1.448623       4.810805      -1.538525    
   1.466077       4.820762      -1.538524    
   1.483530       4.828596      -1.538524    
   1.500983       4.835109      -1.538524    
   1.518437       4.840531      -1.538524    
   1.535890       4.844119      -1.538524    
   1.553343       4.846326      -1.538524    
   1.570796       4.847080      -1.538524    
   1.588250       4.846324      -1.538524    
   1.605703       4.844124      -1.538524    
   1.623156       4.840495      -1.538524    
   1.640610       4.835117      -1.538524    
   1.658063       4.828357      -1.538524    
   1.675516       4.820773      -1.538524    
   1.692969       4.810868      -1.538525    
   1.710423       4.799860      -1.538525    
   1.727876       4.787665      -1.538524    
   1.745329       4.773176      -1.538524    
   1.762783       4.757909      -1.538524    
   1.780236       4.741225      -1.538524    
   1.797689       4.722843      -1.538524    
   1.815143       4.703084      -1.538524    
   1.832596       4.681793      -1.538524    
   1.850049       4.659290      -1.538524    
   1.867502       4.635249      -1.538524    
   1.884956       4.609896      -1.538524    
   1.902409       4.582853      -1.538524    
   1.919862       4.554520      -1.538524    
   1.937316       4.525394      -1.538524    
   1.954769       4.494004      -1.538525    
   1.972222       4.461542      -1.538525    
   1.989675       4.428277      -1.538524    
   2.007129       4.392693      -1.538524    
   2.024582       4.356379      -1.538524    
   2.042035       4.318845      -1.538524    
   2.059489       4.279687      -1.538524    
   2.076942       4.239329      -1.538524    
   2.094395       4.197672      -1.538524    
   2.111848       4.154737      -1.538524    
   2.129302       4.110559      -1.538524    
   2.146755       4.065157      -1.538524    
   2.164208       4.018292      -1.538524    
   2.181662       3.970277      -1.538524    
   2.199115       3.921583      -1.538524    
   2.216568       3.870935      -1.538525    
   2.234021       3.819491      -1.538525    
   2.251475       3.767087      -1.538524    
   2.268928       3.713049      -1.538523    
   2.286381       3.658020      -1.538524    
   2.303835       3.602170      -1.538524    
   2.321288       3.544928      -1.538524    
   2.338741       3.486681      -1.538523    
   2.356194       3.427407      -1.538524    
   2.373648       3.367042      -1.538523    
   2.391101       3.305697      -1.538524    
   2.408554       3.243409      -1.538524    
   2.426008       3.179868      -1.538524    
   2.443461       3.115626      -1.538523    
   2.460914       3.050532      -1.538524    
   2.478368       2.984123      -1.538525    
   2.495821       2.916877      -1.538525    
   2.513274       2.849187      -1.538524    
   2.530727       2.780008      -1.538524    
   2.548181       2.710384      -1.538524    
   2.565634       2.639952      -1.538524    
   2.583087       2.568567      -1.538524    
   2.600541       2.496398      -1.538524    
   2.617994       2.423531      -1.538524    
   2.635447       2.349899      -1.538524    
   2.652900       2.275559      -1.538524    
   2.670354       2.200552      -1.538524    
   2.687807       2.124753      -1.538524    
   2.705260       2.048361      -1.538524    
   2.722714       1.971592      -1.538524    
   2.740167       1.893852      -1.538525    
   2.757620       1.815661      -1.538525    
   2.775074       1.737129      -1.538524    
   2.792527       1.657694      -1.538524    
   2.809980       1.578012      -1.538524    
   2.827433       1.497856      -1.538524    
   2.844887       1.417135      -1.538524    
   2.862340       1.336028      -1.538523    
   2.879793       1.254502      -1.538524    
   2.897247       1.172607      -1.538524    
   2.914700       1.090353      -1.538524    
   2.932153       1.007773      -1.538524    
   2.949607      0.9248256      -1.538524    
   2.967060      0.8416708      -1.538524    
   2.984513      0.7582929      -1.538524    
   3.001966      0.6746211      -1.538525    
   3.019420      0.5906572      -1.538525    
   3.036873      0.5066819      -1.538524    
   3.054326      0.4224371      -1.538523    
   3.071780      0.3381143      -1.538523    
   3.089233      0.2536863      -1.538524    
   3.106686      0.1691623      -1.538524    
   3.124139      8.4588565E-02  -1.538524    
   3.141593      5.3013155E-06   1.596075    
