  0.0000000E+00  6.4747958E-03  -1.571476    
  1.7453292E-02  9.4388373E-02  -1.570901    
  3.4906585E-02  0.8690954      -1.570804    
  5.2359879E-02  2.8999085E-02   1.571265    
  6.9813170E-02  0.7868029      -1.570789    
  8.7266468E-02  0.2204940      -1.570841    
  0.1047198      0.4771617      -1.570811    
  0.1221731      0.4797536      -1.570778    
  0.1396263      0.4772822      -1.570782    
  0.1570796      0.4749605      -1.570806    
  0.1745329      0.2085187      -1.570794    
  0.1919862      0.7671145      -1.570793    
  0.2094395      3.4652304E-02   1.571331    
  0.2268928      0.8489934      -1.570786    
  0.2443461      0.1151109      -1.570701    
  0.2617994      6.2357509E-03  -1.570504    
  0.2792527      6.7012355E-02  -1.570720    
  0.2967060      0.8295766      -1.570804    
  0.3141593      2.1429030E-02   1.570113    
  0.3316126      0.7529888      -1.570781    
  0.3490659      0.2179765      -1.570818    
  0.3665192      0.4470821      -1.570768    
  0.3839725      0.4498831      -1.570796    
  0.4014257      0.4416360      -1.570802    
  0.4188790      0.4404645      -1.570795    
  0.4363323      0.1816812      -1.570795    
  0.4537856      0.6954805      -1.570787    
  0.4712389      3.8243435E-02   1.570457    
  0.4886922      0.7706376      -1.570791    
  0.5061455      0.1284324      -1.570843    
  0.5235988      5.6942250E-03  -1.570037    
  0.5410521      3.5427414E-02  -1.570846    
  0.5585054      0.7340900      -1.570797    
  0.5759587      1.2243323E-02   1.570883    
  0.5934120      0.6677738      -1.570788    
  0.6108653      0.2003158      -1.570822    
  0.6283185      0.3864329      -1.570785    
  0.6457719      0.3887779      -1.570796    
  0.6632251      0.3765065      -1.570778    
  0.6806784      0.3756577      -1.570790    
  0.6981317      0.1428514      -1.570760    
  0.7155850      0.5755840      -1.570799    
  0.7330383      3.9787687E-02   1.570941    
  0.7504916      0.6406117      -1.570820    
  0.7679449      0.1323774      -1.570790    
  0.7853982      4.3139877E-03  -1.568351    
  0.8028514      8.7720022E-04  -1.558684    
  0.8203048      0.5882410      -1.570797    
  0.8377581      2.2124688E-03   1.570179    
  0.8552114      0.5368912      -1.570783    
  0.8726646      0.1690523      -1.570805    
  0.8901180      0.2994401      -1.570790    
  0.9075713      0.3014495      -1.570824    
  0.9250245      0.2859315      -1.570791    
  0.9424778      0.2854155      -1.570779    
  0.9599311      9.4566688E-02  -1.570938    
  0.9773844      0.4172798      -1.570789    
  0.9948377      3.7760001E-02   1.570812    
   1.012291      0.4658309      -1.570791    
   1.029744      0.1282410      -1.570814    
   1.047198      3.6869934E-03  -1.571002    
   1.064651      3.3273291E-02   1.570826    
   1.082104      0.4027165      -1.570770    
   1.099558      8.1353430E-03  -1.569677    
   1.117011      0.3697127      -1.570812    
   1.134464      0.1259356      -1.570690    
   1.151917      0.1919239      -1.570767    
   1.169371      0.1938914      -1.570804    
   1.186824      0.1755634      -1.570792    
   1.204277      0.1761568      -1.570817    
   1.221731      3.9552893E-02  -1.570963    
   1.239184      0.2301208      -1.570816    
   1.256637      3.3176847E-02   1.570629    
   1.274090      0.2604298      -1.570800    
   1.291544      0.1142833      -1.570763    
   1.308997      2.1623136E-03  -1.571954    
   1.326450      6.5374367E-02   1.570813    
   1.343904      0.1899806      -1.570768    
   1.361357      1.8116634E-02  -1.570646    
   1.378810      0.1773635      -1.570764    
   1.396263      7.4610054E-02  -1.570669    
   1.413717      7.1125761E-02  -1.570759    
   1.431170      7.2703011E-02  -1.570795    
   1.448623      5.2831173E-02  -1.570970    
   1.466077      5.3979460E-02  -1.570823    
   1.483530      1.8120244E-02   1.570503    
   1.500983      2.7400022E-02  -1.571287    
   1.518437      2.6463807E-02   1.570762    
   1.535890      3.6859747E-02  -1.570732    
   1.553343      9.3136080E-02  -1.570822    
   1.570796      1.8213880E-04  -1.556213    
   1.588250      9.2997946E-02   1.570863    
   1.605703      3.6737714E-02   1.570827    
   1.623156      2.6186984E-02  -1.570614    
   1.640610      2.7210061E-02   1.571243    
   1.658063      1.8210653E-02  -1.570363    
   1.675516      5.3975441E-02   1.570820    
   1.692969      5.6459825E-02   1.570999    
   1.710423      7.0414148E-02   1.570861    
   1.727876      7.1266532E-02   1.570832    
   1.745329      7.4897431E-02   1.570641    
   1.762783      0.1771442       1.570784    
   1.780236      1.8090533E-02   1.571161    
   1.797689      0.1893304       1.570777    
   1.815143      6.5314747E-02  -1.570685    
   1.832596      1.7094665E-03   1.567866    
   1.850049      0.1144687       1.570808    
   1.867502      0.2601634       1.570789    
   1.884956      3.2788061E-02  -1.570632    
   1.902409      0.2300949       1.570788    
   1.919862      3.9664276E-02   1.570873    
   1.937316      0.1774065       1.570809    
   1.954769      0.1754268       1.570743    
   1.972222      0.1939273       1.570779    
   1.989675      0.1927623       1.570740    
   2.007129      0.1258336       1.570756    
   2.024582      0.3696629       1.570781    
   2.042035      8.4782010E-03   1.568791    
   2.059489      0.4027678       1.570787    
   2.076942      3.3509169E-02  -1.570817    
   2.094395      3.2596283E-03   1.570587    
   2.111848      0.1276934       1.570730    
   2.129302      0.4678108       1.570804    
   2.146755      3.7545118E-02  -1.570934    
   2.164208      0.4173700       1.570784    
   2.181662      9.4520696E-02   1.570793    
   2.199115      0.2874283       1.570804    
   2.216568      0.2858008       1.570813    
   2.234021      0.3013710       1.570810    
   2.251475      0.2994689       1.570767    
   2.268928      0.1690624       1.570805    
   2.286381      0.5370958       1.570792    
   2.303835      2.5191521E-03  -1.568507    
   2.321288      0.5886974       1.570796    
   2.338741      1.2036845E-03   1.565879    
   2.356194      5.0271670E-03   1.569196    
   2.373648      0.1324764       1.570758    
   2.391101      0.6404967       1.570829    
   2.408554      3.9961908E-02  -1.570956    
   2.426008      0.5759594       1.570804    
   2.443461      0.1430978       1.570756    
   2.460914      0.3758822       1.570817    
   2.478368      0.3763979       1.570793    
   2.495821      0.3889630       1.570760    
   2.513274      0.3866505       1.570796    
   2.530727      0.2001226       1.570758    
   2.548181      0.6676210       1.570780    
   2.565634      1.2018126E-02  -1.571687    
   2.583087      0.7368094       1.570786    
   2.600541      3.5301298E-02   1.570706    
   2.617994      5.6560659E-03   1.569052    
   2.635447      0.1280956       1.570834    
   2.652900      0.7713760       1.570795    
   2.670354      3.8242105E-02  -1.570608    
   2.687807      0.6954679       1.570789    
   2.705260      0.1816763       1.570801    
   2.722714      0.4433176       1.570809    
   2.740167      0.4418889       1.570811    
   2.757620      0.4497579       1.570798    
   2.775074      0.4475306       1.570785    
   2.792527      0.2181812       1.570812    
   2.809980      0.7531248       1.570789    
   2.827433      2.1220339E-02  -1.570371    
   2.844887      0.8299329       1.570799    
   2.862340      6.7285515E-02   1.570779    
   2.879793      5.9550838E-03   1.570643    
   2.897247      0.1151772       1.570699    
   2.914700      0.8483447       1.570786    
   2.932153      3.5220847E-02  -1.571275    
   2.949607      0.7674060       1.570803    
   2.967060      0.2082321       1.570766    
   2.984513      0.4749612       1.570809    
   3.001966      0.4801067       1.570781    
   3.019420      0.4819556       1.570781    
   3.036873      0.4774983       1.570810    
   3.054326      0.2198612       1.570847    
   3.071780      0.7866750       1.570782    
   3.089233      2.9641930E-02  -1.571344    
   3.106686      0.8690463       1.570804    
   3.124139      9.4178326E-02   1.570928    
   3.141593      6.4045689E-03   1.572834    
