  0.0000000E+00   2.384518      -1.567132    
  1.7453292E-02   2.384316      -1.567134    
  3.4906585E-02   2.382873      -1.567137    
  5.2359879E-02   2.381454      -1.567133    
  6.9813170E-02   2.378480      -1.567137    
  8.7266468E-02   2.375242      -1.567135    
  0.1047198       2.372384      -1.567136    
  0.1221731       2.370156      -1.567130    
  0.1396263       2.364543      -1.567135    
  0.1570796       2.356083      -1.567135    
  0.1745329       2.348132      -1.567129    
  0.1919862       2.340532      -1.567131    
  0.2094395       2.332630      -1.567128    
  0.2268928       2.323182      -1.567132    
  0.2443461       2.313879      -1.567132    
  0.2617994       2.303293      -1.567136    
  0.2792527       2.292289      -1.567134    
  0.2967060       2.280120      -1.567134    
  0.3141593       2.268016      -1.567137    
  0.3316126       2.254452      -1.567133    
  0.3490659       2.240597      -1.567133    
  0.3665192       2.227156      -1.567131    
  0.3839725       2.213880      -1.567136    
  0.4014257       2.197937      -1.567133    
  0.4188790       2.179204      -1.567135    
  0.4363323       2.160926      -1.567131    
  0.4537856       2.143032      -1.567131    
  0.4712389       2.124805      -1.567133    
  0.4886922       2.105217      -1.567133    
  0.5061455       2.085716      -1.567133    
  0.5235988       2.065069      -1.567132    
  0.5410521       2.044051      -1.567133    
  0.5585054       2.021996      -1.567133    
  0.5759587       2.000107      -1.567137    
  0.5934120       1.976709      -1.567138    
  0.6108653       1.953124      -1.567128    
  0.6283185       1.929885      -1.567132    
  0.6457719       1.906983      -1.567137    
  0.6632251       1.881666      -1.567132    
  0.6806784       1.853832      -1.567137    
  0.6981317       1.826444      -1.567135    
  0.7155850       1.799437      -1.567133    
  0.7330383       1.772274      -1.567134    
  0.7504916       1.743779      -1.567134    
  0.7679449       1.715452      -1.567134    
  0.7853982       1.686115      -1.567131    
  0.8028514       1.656525      -1.567136    
  0.8203048       1.626112      -1.567132    
  0.8377581       1.595796      -1.567129    
  0.8552114       1.564284      -1.567130    
  0.8726646       1.532670      -1.567135    
  0.8901180       1.501241      -1.567130    
  0.9075713       1.470212      -1.567134    
  0.9250245       1.436908      -1.567128    
  0.9424778       1.402078      -1.567127    
  0.9599311       1.367551      -1.567136    
  0.9773844       1.333292      -1.567134    
  0.9948377       1.298882      -1.567129    
   1.012291       1.263485      -1.567131    
   1.029744       1.228249      -1.567137    
   1.047198       1.192250      -1.567135    
   1.064651       1.156075      -1.567133    
   1.082104       1.119366      -1.567132    
   1.099558       1.082655      -1.567132    
   1.117011       1.045244      -1.567126    
   1.134464       1.007737      -1.567132    
   1.151917      0.9702825      -1.567137    
   1.169371      0.9331422      -1.567128    
   1.186824      0.8943056      -1.567118    
   1.204277      0.8548914      -1.567121    
   1.221731      0.8154271      -1.567136    
   1.239184      0.7762581      -1.567133    
   1.256637      0.7368968      -1.567129    
   1.274090      0.6970913      -1.567122    
   1.291544      0.6573620      -1.567138    
   1.308997      0.6171754      -1.567136    
   1.326450      0.5768721      -1.567138    
   1.343904      0.5363417      -1.567148    
   1.361357      0.4958144      -1.567122    
   1.378810      0.4549694      -1.567126    
   1.396263      0.4139884      -1.567117    
   1.413717      0.3732503      -1.567114    
   1.431170      0.3323510      -1.567120    
   1.448623      0.2909702      -1.567116    
   1.466077      0.2493068      -1.567120    
   1.483530      0.2078326      -1.567158    
   1.500983      0.1663084      -1.567092    
   1.518437      0.1247791      -1.567075    
   1.535890      8.3202519E-02  -1.567171    
   1.553343      4.1665014E-02  -1.567219    
   1.570796      1.3114648E-05  0.8062105    
   1.588250      4.1674428E-02   1.574509    
   1.605703      8.3209686E-02   1.574449    
   1.623156      0.1248032       1.574384    
   1.640610      0.1663058       1.574404    
   1.658063      0.2078336       1.574445    
   1.675516      0.2492925       1.574473    
   1.692969      0.2909562       1.574427    
   1.710423      0.3323600       1.574424    
   1.727876      0.3732184       1.574459    
   1.745329      0.4140138       1.574437    
   1.762783      0.4549553       1.574459    
   1.780236      0.4958252       1.574448    
   1.797689      0.5363470       1.574448    
   1.815143      0.5768670       1.574439    
   1.832596      0.6171618       1.574453    
   1.850049      0.6573531       1.574458    
   1.867502      0.6971021       1.574448    
   1.884956      0.7369080       1.574455    
   1.902409      0.7762509       1.574446    
   1.919862      0.8154172       1.574455    
   1.937316      0.8549135       1.574444    
   1.954769      0.8944321       1.574461    
   1.972222      0.9329298       1.574455    
   1.989675      0.9703575       1.574456    
   2.007129       1.007719       1.574458    
   2.024582       1.045247       1.574463    
   2.042035       1.082681       1.574463    
   2.059489       1.119374       1.574456    
   2.076942       1.156092       1.574452    
   2.094395       1.192262       1.574448    
   2.111848       1.228252       1.574464    
   2.129302       1.263477       1.574453    
   2.146755       1.298831       1.574453    
   2.164208       1.333289       1.574460    
   2.181662       1.367536       1.574453    
   2.199115       1.402145       1.574458    
   2.216568       1.436975       1.574463    
   2.234021       1.470029       1.574459    
   2.251475       1.501251       1.574457    
   2.268928       1.532708       1.574446    
   2.286381       1.564270       1.574458    
   2.303835       1.595771       1.574458    
   2.321288       1.626112       1.574450    
   2.338741       1.656507       1.574452    
   2.356194       1.686096       1.574455    
   2.373648       1.715431       1.574455    
   2.391101       1.743780       1.574451    
   2.408554       1.772270       1.574448    
   2.426008       1.799463       1.574455    
   2.443461       1.826497       1.574458    
   2.460914       1.853808       1.574458    
   2.478368       1.881511       1.574456    
   2.495821       1.906778       1.574454    
   2.513274       1.929999       1.574456    
   2.530727       1.953175       1.574461    
   2.548181       1.976706       1.574454    
   2.565634       2.000028       1.574452    
   2.583087       2.021980       1.574458    
   2.600541       2.044076       1.574455    
   2.617994       2.065070       1.574458    
   2.635447       2.085737       1.574458    
   2.652900       2.105218       1.574454    
   2.670354       2.124807       1.574460    
   2.687807       2.143038       1.574463    
   2.705260       2.160917       1.574455    
   2.722714       2.179443       1.574453    
   2.740167       2.197877       1.574456    
   2.757620       2.213853       1.574455    
   2.775074       2.227032       1.574456    
   2.792527       2.240549       1.574457    
   2.809980       2.254438       1.574459    
   2.827433       2.268036       1.574456    
   2.844887       2.280143       1.574457    
   2.862340       2.292288       1.574456    
   2.879793       2.303261       1.574457    
   2.897247       2.313851       1.574456    
   2.914700       2.323162       1.574460    
   2.932153       2.332659       1.574458    
   2.949607       2.340584       1.574459    
   2.967060       2.348207       1.574453    
   2.984513       2.356084       1.574455    
   3.001966       2.364598       1.574453    
   3.019420       2.369952       1.574459    
   3.036873       2.372377       1.574456    
   3.054326       2.375258       1.574453    
   3.071780       2.378458       1.574455    
   3.089233       2.381593       1.574459    
   3.106686       2.382875       1.574455    
   3.124139       2.384348       1.574452    
   3.141593       2.384485       1.574450    
