  0.0000000E+00  0.0000000E+00  0.0000000E+00
  1.7453292E-02  6.6395648E-02  -1.555519    
  3.4906585E-02  0.1327917      -1.555519    
  5.2359879E-02  0.1991197      -1.555519    
  6.9813170E-02  0.2654153      -1.555518    
  8.7266468E-02  0.3315522      -1.555519    
  0.1047198      0.3977137      -1.555518    
  0.1221731      0.4638442      -1.555518    
  0.1396263      0.5295774      -1.555519    
  0.1570796      0.5952315      -1.555518    
  0.1745329      0.6606174      -1.555518    
  0.1919862      0.7259274      -1.555518    
  0.2094395      0.7910008      -1.555518    
  0.2268928      0.8558463      -1.555518    
  0.2443461      0.9204126      -1.555518    
  0.2617994      0.9847127      -1.555518    
  0.2792527       1.048677      -1.555518    
  0.2967060       1.112359      -1.555518    
  0.3141593       1.175660      -1.555518    
  0.3316126       1.238681      -1.555518    
  0.3490659       1.301160      -1.555518    
  0.3665192       1.363346      -1.555519    
  0.3839725       1.425625      -1.555518    
  0.4014257       1.486866      -1.555518    
  0.4188790       1.547630      -1.555518    
  0.4363323       1.607831      -1.555518    
  0.4537856       1.667812      -1.555518    
  0.4712389       1.727204      -1.555518    
  0.4886922       1.786165      -1.555518    
  0.5061455       1.844495      -1.555518    
  0.5235988       1.902316      -1.555518    
  0.5410521       1.959490      -1.555518    
  0.5585054       2.016140      -1.555518    
  0.5759587       2.072045      -1.555518    
  0.5934120       2.127521      -1.555518    
  0.6108653       2.182131      -1.555518    
  0.6283185       2.236385      -1.555518    
  0.6457719       2.290230      -1.555518    
  0.6632251       2.343081      -1.555519    
  0.6806784       2.394548      -1.555518    
  0.6981317       2.445454      -1.555518    
  0.7155850       2.495996      -1.555518    
  0.7330383       2.545699      -1.555518    
  0.7504916       2.594738      -1.555518    
  0.7679449       2.642872      -1.555518    
  0.7853982       2.690286      -1.555518    
  0.8028514       2.736803      -1.555518    
  0.8203048       2.782511      -1.555518    
  0.8377581       2.827308      -1.555518    
  0.8552114       2.871377      -1.555518    
  0.8726646       2.914349      -1.555518    
  0.8901180       2.956876      -1.555518    
  0.9075713       2.999171      -1.555518    
  0.9250245       3.039130      -1.555518    
  0.9424778       3.078171      -1.555518    
  0.9599311       3.116409      -1.555518    
  0.9773844       3.154129      -1.555518    
  0.9948377       3.190742      -1.555518    
   1.012291       3.226496      -1.555518    
   1.029744       3.261150      -1.555518    
   1.047198       3.294922      -1.555518    
   1.064651       3.327551      -1.555518    
   1.082104       3.359267      -1.555518    
   1.099558       3.389747      -1.555518    
   1.117011       3.419579      -1.555518    
   1.134464       3.447955      -1.555518    
   1.151917       3.476010      -1.555518    
   1.169371       3.502920      -1.555518    
   1.186824       3.528482      -1.555518    
   1.204277       3.551594      -1.555518    
   1.221731       3.574988      -1.555518    
   1.239184       3.597314      -1.555518    
   1.256637       3.618282      -1.555518    
   1.274090       3.638418      -1.555518    
   1.291544       3.657240      -1.555518    
   1.308997       3.674977      -1.555518    
   1.326450       3.691576      -1.555518    
   1.343904       3.707095      -1.555518    
   1.361357       3.721386      -1.555518    
   1.378810       3.734691      -1.555518    
   1.396263       3.746638      -1.555518    
   1.413717       3.758038      -1.555518    
   1.431170       3.768470      -1.555518    
   1.448623       3.777163      -1.555518    
   1.466077       3.784060      -1.555518    
   1.483530       3.789916      -1.555518    
   1.500983       3.795336      -1.555518    
   1.518437       3.799236      -1.555518    
   1.535890       3.802280      -1.555518    
   1.553343       3.804011      -1.555518    
   1.570796       3.804622      -1.555518    
   1.588250       3.803988      -1.555518    
   1.605703       3.802284      -1.555518    
   1.623156       3.799247      -1.555518    
   1.640610       3.795353      -1.555518    
   1.658063       3.789929      -1.555518    
   1.675516       3.784137      -1.555518    
   1.692969       3.777645      -1.555518    
   1.710423       3.768917      -1.555518    
   1.727876       3.757960      -1.555518    
   1.745329       3.746620      -1.555518    
   1.762783       3.734665      -1.555518    
   1.780236       3.721373      -1.555518    
   1.797689       3.707114      -1.555518    
   1.815143       3.691622      -1.555518    
   1.832596       3.674999      -1.555518    
   1.850049       3.657187      -1.555518    
   1.867502       3.638253      -1.555518    
   1.884956       3.618301      -1.555518    
   1.902409       3.597326      -1.555518    
   1.919862       3.575000      -1.555518    
   1.937316       3.551656      -1.555518    
   1.954769       3.528370      -1.555518    
   1.972222       3.503121      -1.555518    
   1.989675       3.475913      -1.555518    
   2.007129       3.447986      -1.555518    
   2.024582       3.419560      -1.555518    
   2.042035       3.389861      -1.555518    
   2.059489       3.359272      -1.555518    
   2.076942       3.327579      -1.555518    
   2.094395       3.294906      -1.555518    
   2.111848       3.261174      -1.555518    
   2.129302       3.226490      -1.555518    
   2.146755       3.190727      -1.555518    
   2.164208       3.154149      -1.555518    
   2.181662       3.116393      -1.555518    
   2.199115       3.078246      -1.555518    
   2.216568       3.039162      -1.555518    
   2.234021       2.998784      -1.555518    
   2.251475       2.957026      -1.555518    
   2.268928       2.914313      -1.555518    
   2.286381       2.871397      -1.555518    
   2.303835       2.827288      -1.555518    
   2.321288       2.782509      -1.555518    
   2.338741       2.736782      -1.555518    
   2.356194       2.690287      -1.555518    
   2.373648       2.642882      -1.555518    
   2.391101       2.594734      -1.555518    
   2.408554       2.545695      -1.555518    
   2.426008       2.496036      -1.555518    
   2.443461       2.445424      -1.555518    
   2.460914       2.394569      -1.555518    
   2.478368       2.342800      -1.555519    
   2.495821       2.290297      -1.555518    
   2.513274       2.236046      -1.555518    
   2.530727       2.182103      -1.555518    
   2.548181       2.127524      -1.555518    
   2.565634       2.072092      -1.555518    
   2.583087       2.016130      -1.555518    
   2.600541       1.959526      -1.555518    
   2.617994       1.902318      -1.555518    
   2.635447       1.844505      -1.555518    
   2.652900       1.786162      -1.555518    
   2.670354       1.727214      -1.555518    
   2.687807       1.667804      -1.555518    
   2.705260       1.607843      -1.555518    
   2.722714       1.547409      -1.555518    
   2.740167       1.486861      -1.555519    
   2.757620       1.425621      -1.555518    
   2.775074       1.363563      -1.555518    
   2.792527       1.301169      -1.555518    
   2.809980       1.238675      -1.555518    
   2.827433       1.175640      -1.555518    
   2.844887       1.112324      -1.555518    
   2.862340       1.048679      -1.555518    
   2.879793      0.9847202      -1.555518    
   2.897247      0.9204081      -1.555518    
   2.914700      0.8558562      -1.555518    
   2.932153      0.7909943      -1.555518    
   2.949607      0.7259305      -1.555518    
   2.967060      0.6606125      -1.555518    
   2.984513      0.5952305      -1.555518    
   3.001966      0.5296737      -1.555518    
   3.019420      0.4638510      -1.555518    
   3.036873      0.3977169      -1.555518    
   3.054326      0.3315895      -1.555519    
   3.071780      0.2654133      -1.555518    
   3.089233      0.1991102      -1.555519    
   3.106686      0.1327905      -1.555518    
   3.124139      6.6395983E-02  -1.555518    
   3.141593      4.5774727E-06   1.582195    
