  0.0000000E+00   1.419776     -5.9322538E-03
  1.7453292E-02   1.421096     -5.9284586E-03
  3.4906585E-02   1.421357     -5.9291590E-03
  5.2359879E-02   1.419780     -5.9333444E-03
  6.9813170E-02   1.421586     -5.9298514E-03
  8.7266468E-02   1.423433     -5.9200251E-03
  0.1047198       1.423869     -5.9161060E-03
  0.1221731       1.419768     -5.9243250E-03
  0.1396263       1.420678     -5.9204213E-03
  0.1570796       1.426531     -5.9033697E-03
  0.1745329       1.427901     -5.8984268E-03
  0.1919862       1.428058     -5.8954065E-03
  0.2094395       1.427797     -5.8965911E-03
  0.2268928       1.431137     -5.8844988E-03
  0.2443461       1.432642     -5.8749374E-03
  0.2617994       1.433119     -5.8729444E-03
  0.2792527       1.436180     -5.8598067E-03
  0.2967060       1.438227     -5.8555091E-03
  0.3141593       1.438403     -5.8477083E-03
  0.3316126       1.442160     -5.8391504E-03
  0.3490659       1.445471     -5.8222394E-03
  0.3665192       1.447600     -5.8099404E-03
  0.3839725       1.445363     -5.8098314E-03
  0.4014257       1.447971     -5.7973173E-03
  0.4188790       1.455374     -5.7758125E-03
  0.4363323       1.458533     -5.7657603E-03
  0.4537856       1.460448     -5.7579521E-03
  0.4712389       1.461930     -5.7481066E-03
  0.4886922       1.466859     -5.7322676E-03
  0.5061455       1.470004     -5.7159625E-03
  0.5235988       1.472205     -5.7043312E-03
  0.5410521       1.476830     -5.6869076E-03
  0.5585054       1.480550     -5.6725582E-03
  0.5759587       1.482420     -5.6604599E-03
  0.5934120       1.487703     -5.6413850E-03
  0.6108653       1.492460     -5.6241299E-03
  0.6283185       1.496142     -5.6044296E-03
  0.6457719       1.495695     -5.5985861E-03
  0.6632251       1.499835     -5.5801850E-03
  0.6806784       1.508528     -5.5576782E-03
  0.6981317       1.513229     -5.5378149E-03
  0.7155850       1.516613     -5.5292095E-03
  0.7330383       1.519833     -5.5087255E-03
  0.7504916       1.526074     -5.4906090E-03
  0.7679449       1.530622     -5.4695113E-03
  0.7853982       1.534358     -5.4552541E-03
  0.8028514       1.540268     -5.4319273E-03
  0.8203048       1.545425     -5.4132408E-03
  0.8377581       1.548799     -5.3984388E-03
  0.8552114       1.555284     -5.3762039E-03
  0.8726646       1.561192     -5.3532845E-03
  0.8901180       1.566108     -5.3361179E-03
  0.9075713       1.567110     -5.3210771E-03
  0.9250245       1.572601     -5.3002238E-03
  0.9424778       1.582276     -5.2755713E-03
  0.9599311       1.588252     -5.2524554E-03
  0.9773844       1.593187     -5.2367016E-03
  0.9948377       1.597538     -5.2188323E-03
   1.012291       1.604760     -5.1957890E-03
   1.029744       1.610382     -5.1735607E-03
   1.047198       1.615335     -5.1563145E-03
   1.064651       1.622176     -5.1334063E-03
   1.082104       1.628453     -5.1119598E-03
   1.099558       1.632990     -5.0933757E-03
   1.117011       1.640332     -5.0703334E-03
   1.134464       1.646977     -5.0513172E-03
   1.151917       1.652764     -5.0293570E-03
   1.169371       1.655078     -5.0093485E-03
   1.186824       1.661281     -4.9908352E-03
   1.204277       1.671568     -4.9683289E-03
   1.221731       1.678450     -4.9456810E-03
   1.239184       1.684441     -4.9257027E-03
   1.256637       1.689707     -4.9068751E-03
   1.274090       1.697540     -4.8863683E-03
   1.291544       1.703794     -4.8639555E-03
   1.308997       1.709634     -4.8446083E-03
   1.326450       1.716926     -4.8259404E-03
   1.343904       1.723916     -4.8021288E-03
   1.361357       1.729259     -4.7826087E-03
   1.378810       1.737009     -4.7638924E-03
   1.396263       1.743932     -4.7406144E-03
   1.413717       1.750188     -4.7228602E-03
   1.431170       1.753271     -4.7027534E-03
   1.448623       1.760006     -4.6822154E-03
   1.466077       1.770274     -4.6624346E-03
   1.483530       1.777718     -4.6426468E-03
   1.500983       1.784327     -4.6235034E-03
   1.518437       1.790117     -4.6049128E-03
   1.535890       1.798002     -4.5830868E-03
   1.553343       1.804495     -4.5650988E-03
   1.570796       1.810735     -4.5485827E-03
   1.588250       1.818065     -4.5268475E-03
   1.605703       1.825323     -4.5109470E-03
   1.623156       1.831038     -4.4921194E-03
   1.640610       1.838723     -4.4717705E-03
   1.658063       1.845470     -4.4529256E-03
   1.675516       1.851676     -4.4382773E-03
   1.692969       1.855156     -4.4192020E-03
   1.710423       1.861900     -4.3998430E-03
   1.727876       1.871843     -4.3836958E-03
   1.745329       1.879238     -4.3658046E-03
   1.762783       1.886079     -4.3458445E-03
   1.780236       1.891885     -4.3310630E-03
   1.797689       1.899374     -4.3152235E-03
   1.815143       1.905609     -4.2978120E-03
   1.832596       1.911826     -4.2796666E-03
   1.850049       1.918695     -4.2648511E-03
   1.867502       1.925725     -4.2471243E-03
   1.884956       1.931368     -4.2318208E-03
   1.902409       1.938528     -4.2172470E-03
   1.919862       1.944631     -4.2006201E-03
   1.937316       1.950385     -4.1853692E-03
   1.954769       1.953823     -4.1671419E-03
   1.972222       1.960081     -4.1551325E-03
   1.989675       1.969167     -4.1401219E-03
   2.007129       1.976089     -4.1267639E-03
   2.024582       1.982581     -4.1108639E-03
   2.042035       1.988018     -4.0973215E-03
   2.059489       1.994722     -4.0830835E-03
   2.076942       2.000253     -4.0714415E-03
   2.094395       2.005953     -4.0560304E-03
   2.111848       2.011964     -4.0442725E-03
   2.129302       2.018342     -4.0321881E-03
   2.146755       2.023423     -4.0167426E-03
   2.164208       2.029650     -4.0056407E-03
   2.181662       2.034220     -3.9920961E-03
   2.199115       2.039570     -3.9827931E-03
   2.216568       2.042461     -3.9659524E-03
   2.234021       2.047825     -3.9559174E-03
   2.251475       2.055664     -3.9476091E-03
   2.268928       2.061703     -3.9328919E-03
   2.286381       2.067456     -3.9234422E-03
   2.303835       2.072101     -3.9123883E-03
   2.321288       2.077565     -3.9016753E-03
   2.338741       2.081981     -3.8914976E-03
   2.356194       2.086770     -3.8793597E-03
   2.373648       2.091535     -3.8711908E-03
   2.391101       2.096854     -3.8623598E-03
   2.408554       2.100985     -3.8488556E-03
   2.426008       2.105867     -3.8430374E-03
   2.443461       2.109542     -3.8353694E-03
   2.460914       2.113109     -3.8273691E-03
   2.478368       2.115043     -3.8137883E-03
   2.495821       2.119195     -3.8061091E-03
   2.513274       2.125477     -3.8016273E-03
   2.530727       2.130069     -3.7910542E-03
   2.548181       2.134886     -3.7820288E-03
   2.565634       2.138257     -3.7744024E-03
   2.583087       2.142244     -3.7676247E-03
   2.600541       2.145251     -3.7615080E-03
   2.617994       2.148729     -3.7547122E-03
   2.635447       2.152000     -3.7485592E-03
   2.652900       2.155892     -3.7417407E-03
   2.670354       2.158690     -3.7353470E-03
   2.687807       2.162022     -3.7290847E-03
   2.705260       2.164066     -3.7262209E-03
   2.722714       2.166084     -3.7207997E-03
   2.740167       2.166715     -3.7116276E-03
   2.757620       2.169311     -3.7073896E-03
   2.775074       2.173852     -3.7069691E-03
   2.792527       2.177074     -3.7015341E-03
   2.809980       2.180250     -3.6940968E-03
   2.827433       2.182129     -3.6874334E-03
   2.844887       2.184400     -3.6865720E-03
   2.862340       2.185755     -3.6844607E-03
   2.879793       2.187724     -3.6783346E-03
   2.897247       2.189239     -3.6769758E-03
   2.914700       2.191505     -3.6742331E-03
   2.932153       2.192779     -3.6670966E-03
   2.949607       2.194298     -3.6685232E-03
   2.967060       2.194581     -3.6664701E-03
   2.984513       2.194882     -3.6641459E-03
   3.001966       2.193926     -3.6611890E-03
   3.019420       2.194791     -3.6594344E-03
   3.036873       2.197533     -3.6599466E-03
   3.054326       2.199022     -3.6590432E-03
   3.071780       2.200772     -3.6568025E-03
   3.089233       2.200796     -3.6534397E-03
   3.106686       2.201238     -3.6541852E-03
   3.124139       2.200760     -3.6552616E-03
   3.141593       2.201005     -3.6550760E-03
