  0.0000000E+00   1.243565     -1.4723975E-03
  1.7453292E-02   1.243814     -1.4717237E-03
  3.4906585E-02   1.246540     -1.4636915E-03
  5.2359879E-02   1.246119     -1.4656807E-03
  6.9813170E-02   1.245243     -1.4676985E-03
  8.7266468E-02   1.243468     -1.4670545E-03
  0.1047198       1.243965     -1.4677986E-03
  0.1221731       1.246178     -1.4690046E-03
  0.1396263       1.246523     -1.4645414E-03
  0.1570796       1.245053     -1.4671977E-03
  0.1745329       1.245211     -1.4679395E-03
  0.1919862       1.247636     -1.4672700E-03
  0.2094395       1.249195     -1.4645695E-03
  0.2268928       1.250330     -1.4647976E-03
  0.2443461       1.248338     -1.4680757E-03
  0.2617994       1.248739     -1.4648152E-03
  0.2792527       1.249675     -1.4623808E-03
  0.2967060       1.253060     -1.4603131E-03
  0.3141593       1.253340     -1.4584600E-03
  0.3316126       1.253154     -1.4578080E-03
  0.3490659       1.252111     -1.4604771E-03
  0.3665192       1.253175     -1.4563850E-03
  0.3839725       1.256096     -1.4537483E-03
  0.4014257       1.257100     -1.4541697E-03
  0.4188790       1.256408     -1.4525714E-03
  0.4363323       1.257180     -1.4496024E-03
  0.4537856       1.260230     -1.4500201E-03
  0.4712389       1.262359     -1.4448387E-03
  0.4886922       1.264131     -1.4448868E-03
  0.5061455       1.262953     -1.4483089E-03
  0.5235988       1.263917     -1.4434815E-03
  0.5410521       1.265526     -1.4411103E-03
  0.5585054       1.269409     -1.4383612E-03
  0.5759587       1.270377     -1.4387614E-03
  0.5934120       1.270911     -1.4343436E-03
  0.6108653       1.270498     -1.4357470E-03
  0.6283185       1.272177     -1.4367569E-03
  0.6457719       1.275564     -1.4316997E-03
  0.6632251       1.277171     -1.4337997E-03
  0.6806784       1.277223     -1.4301860E-03
  0.6981317       1.278561     -1.4262761E-03
  0.7155850       1.282175     -1.4203296E-03
  0.7330383       1.284710     -1.4251497E-03
  0.7504916       1.287039     -1.4195043E-03
  0.7679449       1.286626     -1.4197814E-03
  0.7853982       1.288067     -1.4161470E-03
  0.8028514       1.290261     -1.4130756E-03
  0.8203048       1.294494     -1.4108624E-03
  0.8377581       1.296056     -1.4082565E-03
  0.8552114       1.297237     -1.4052405E-03
  0.8726646       1.297400     -1.4025819E-03
  0.8901180       1.299555     -1.4031356E-03
  0.9075713       1.303296     -1.3993104E-03
  0.9250245       1.305392     -1.3974686E-03
  0.9424778       1.306183     -1.3943072E-03
  0.9599311       1.307911     -1.3904923E-03
  0.9773844       1.311911     -1.3892896E-03
  0.9948377       1.314724     -1.3885468E-03
   1.012291       1.317456     -1.3877327E-03
   1.029744       1.317787     -1.3840072E-03
   1.047198       1.319542     -1.3817694E-03
   1.064651       1.322229     -1.3780720E-03
   1.082104       1.326593     -1.3714236E-03
   1.099558       1.328670     -1.3756953E-03
   1.117011       1.330393     -1.3689130E-03
   1.134464       1.330978     -1.3679462E-03
   1.151917       1.333460     -1.3649480E-03
   1.169371       1.337376     -1.3633384E-03
   1.186824       1.339824     -1.3582464E-03
   1.204277       1.341205     -1.3578493E-03
   1.221731       1.343206     -1.3578219E-03
   1.239184       1.347456     -1.3505347E-03
   1.256637       1.350409     -1.3459247E-03
   1.274090       1.353339     -1.3437808E-03
   1.291544       1.354295     -1.3426220E-03
   1.308997       1.356192     -1.3375471E-03
   1.326450       1.359216     -1.3383054E-03
   1.343904       1.363513     -1.3338011E-03
   1.361357       1.365916     -1.3325206E-03
   1.378810       1.368080     -1.3291908E-03
   1.396263       1.368943     -1.3279942E-03
   1.413717       1.371596     -1.3259210E-03
   1.431170       1.375493     -1.3252355E-03
   1.448623       1.378103     -1.3207623E-03
   1.466077       1.379922     -1.3183391E-03
   1.483530       1.382082     -1.3178044E-03
   1.500983       1.386385     -1.3099756E-03
   1.518437       1.389187     -1.3084969E-03
   1.535890       1.392211     -1.3042451E-03
   1.553343       1.393656     -1.3063148E-03
   1.570796       1.395515     -1.3015446E-03
   1.588250       1.398732     -1.2985158E-03
   1.605703       1.402751     -1.2926484E-03
   1.623156       1.405232     -1.2947083E-03
   1.640610       1.407733     -1.2927871E-03
   1.658063       1.408711     -1.2899202E-03
   1.675516       1.411446     -1.2862078E-03
   1.692969       1.415037     -1.2830573E-03
   1.710423       1.417653     -1.2836814E-03
   1.727876       1.419725     -1.2755819E-03
   1.745329       1.421857     -1.2796952E-03
   1.762783       1.426068     -1.2718086E-03
   1.780236       1.428611     -1.2736272E-03
   1.797689       1.431437     -1.2687671E-03
   1.815143       1.433178     -1.2663532E-03
   1.832596       1.434813     -1.2621481E-03
   1.850049       1.438046     -1.2629722E-03
   1.867502       1.441581     -1.2609719E-03
   1.884956       1.444131     -1.2557254E-03
   1.902409       1.446653     -1.2532969E-03
   1.919862       1.447564     -1.2532814E-03
   1.937316       1.450117     -1.2525129E-03
   1.954769       1.453319     -1.2461806E-03
   1.972222       1.455746     -1.2474790E-03
   1.989675       1.457825     -1.2439296E-03
   2.007129       1.459819     -1.2411996E-03
   2.024582       1.463698     -1.2391302E-03
   2.042035       1.465856     -1.2360391E-03
   2.059489       1.468339     -1.2348129E-03
   2.076942       1.470166     -1.2321410E-03
   2.094395       1.471467     -1.2312824E-03
   2.111848       1.474515     -1.2319009E-03
   2.129302       1.477464     -1.2246873E-03
   2.146755       1.479764     -1.2253623E-03
   2.164208       1.482189     -1.2220920E-03
   2.181662       1.482872     -1.2219899E-03
   2.199115       1.485121     -1.2171979E-03
   2.216568       1.487723     -1.2194224E-03
   2.234021       1.489820     -1.2143346E-03
   2.251475       1.491836     -1.2158551E-03
   2.268928       1.493394     -1.2131579E-03
   2.286381       1.496828     -1.2102852E-03
   2.303835       1.498314     -1.2096016E-03
   2.321288       1.500404     -1.2089441E-03
   2.338741       1.502109     -1.2042496E-03
   2.356194       1.502924     -1.2043181E-03
   2.373648       1.505644     -1.2000160E-03
   2.391101       1.507852     -1.1998735E-03
   2.408554       1.509670     -1.1983989E-03
   2.426008       1.511920     -1.1986655E-03
   2.443461       1.512211     -1.1939353E-03
   2.460914       1.514125     -1.1936359E-03
   2.478368       1.515921     -1.1938673E-03
   2.495821       1.517525     -1.1929867E-03
   2.513274       1.519153     -1.1884863E-03
   2.530727       1.520290     -1.1905201E-03
   2.548181       1.523149     -1.1878423E-03
   2.565634       1.524073     -1.1866782E-03
   2.583087       1.525465     -1.1855975E-03
   2.600541       1.526830     -1.1848791E-03
   2.617994       1.527033     -1.1817660E-03
   2.635447       1.529328     -1.1825464E-03
   2.652900       1.530732     -1.1816343E-03
   2.670354       1.532102     -1.1814598E-03
   2.687807       1.533816     -1.1800146E-03
   2.705260       1.533590     -1.1793177E-03
   2.722714       1.534858     -1.1786954E-03
   2.740167       1.535981     -1.1755517E-03
   2.757620       1.536984     -1.1751592E-03
   2.775074       1.538170     -1.1720705E-03
   2.792527       1.538664     -1.1736266E-03
   2.809980       1.540873     -1.1726764E-03
   2.827433       1.541089     -1.1747808E-03
   2.844887       1.541739     -1.1740854E-03
   2.862340       1.542641     -1.1708641E-03
   2.879793       1.542234     -1.1706285E-03
   2.897247       1.543948     -1.1678298E-03
   2.914700       1.544526     -1.1707258E-03
   2.932153       1.545245     -1.1699067E-03
   2.949607       1.546486     -1.1693815E-03
   2.967060       1.545559     -1.1666537E-03
   2.984513       1.546273     -1.1683509E-03
   3.001966       1.546545     -1.1651313E-03
   3.019420       1.546887     -1.1679413E-03
   3.036873       1.547420     -1.1669217E-03
   3.054326       1.547284     -1.1677057E-03
   3.071780       1.548845     -1.1664586E-03
   3.089233       1.548195     -1.1665379E-03
   3.106686       1.548294     -1.1666657E-03
   3.124139       1.548478     -1.1661901E-03
   3.141593       1.547408     -1.1642976E-03
