  0.0000000E+00  0.0000000E+00  0.0000000E+00
  1.7453292E-02  0.5607223       1.820795    
  3.4906585E-02   1.121280       1.820794    
  5.2359879E-02   1.681487       1.820794    
  6.9813170E-02   2.241181       1.820795    
  8.7266468E-02   2.800223       1.820795    
  0.1047198       3.358379       1.820795    
  0.1221731       3.915517       1.820796    
  0.1396263       4.471444       1.820796    
  0.1570796       5.026012       1.820795    
  0.1745329       5.579103       1.820794    
  0.1919862       6.130444       1.820795    
  0.2094395       6.679932       1.820795    
  0.2268928       7.227388       1.820795    
  0.2443461       7.772655       1.820794    
  0.2617994       8.315530       1.820794    
  0.2792527       8.855902       1.820795    
  0.2967060       9.393542       1.820794    
  0.3141593       9.928330       1.820794    
  0.3316126       10.46009       1.820795    
  0.3490659       10.98869       1.820795    
  0.3665192       11.51387       1.820795    
  0.3839725       12.03557       1.820796    
  0.4014257       12.55370       1.820796    
  0.4188790       13.06793       1.820795    
  0.4363323       13.57820       1.820794    
  0.4537856       14.08432       1.820795    
  0.4712389       14.58616       1.820795    
  0.4886922       15.08355       1.820794    
  0.5061455       15.57635       1.820794    
  0.5235988       16.06439       1.820794    
  0.5410521       16.54756       1.820795    
  0.5585054       17.02567       1.820794    
  0.5759587       17.49856       1.820795    
  0.5934120       17.96610       1.820795    
  0.6108653       18.42832       1.820794    
  0.6283185       18.88479       1.820795    
  0.6457719       19.33528       1.820795    
  0.6632251       19.78026       1.820795    
  0.6806784       20.21926       1.820795    
  0.6981317       20.65192       1.820794    
  0.7155850       21.07837       1.820795    
  0.7330383       21.49836       1.820794    
  0.7504916       21.91177       1.820795    
  0.7679449       22.31848       1.820795    
  0.7853982       22.71846       1.820795    
  0.8028514       23.11145       1.820795    
  0.8203048       23.49750       1.820794    
  0.8377581       23.87631       1.820795    
  0.8552114       24.24788       1.820794    
  0.8726646       24.61199       1.820795    
  0.8901180       24.96869       1.820795    
  0.9075713       25.31781       1.820796    
  0.9250245       25.65877       1.820795    
  0.9424778       25.99262       1.820795    
  0.9599311       26.31833       1.820794    
  0.9773844       26.63587       1.820795    
  0.9948377       26.94542       1.820795    
   1.012291       27.24674       1.820794    
   1.029744       27.53973       1.820795    
   1.047198       27.82436       1.820794    
   1.064651       28.10045       1.820795    
   1.082104       28.36804       1.820794    
   1.099558       28.62685       1.820795    
   1.117011       28.87711       1.820794    
   1.134464       29.11856       1.820794    
   1.151917       29.35103       1.820795    
   1.169371       29.57504       1.820796    
   1.186824       29.78885       1.820794    
   1.204277       29.99459       1.820795    
   1.221731       30.19112       1.820795    
   1.239184       30.37838       1.820794    
   1.256637       30.55628       1.820794    
   1.274090       30.72480       1.820795    
   1.291544       30.88409       1.820795    
   1.308997       31.03392       1.820795    
   1.326450       31.17430       1.820795    
   1.343904       31.30535       1.820794    
   1.361357       31.42665       1.820794    
   1.378810       31.53833       1.820795    
   1.396263       31.64060       1.820794    
   1.413717       31.73326       1.820795    
   1.431170       31.81591       1.820796    
   1.448623       31.88909       1.820796    
   1.466077       31.95289       1.820794    
   1.483530       32.00648       1.820795    
   1.500983       32.05052       1.820795    
   1.518437       32.08478       1.820794    
   1.535890       32.10922       1.820794    
   1.553343       32.12376       1.820795    
   1.570796       32.12881       1.820794    
   1.588250       32.12383       1.820795    
   1.605703       32.10920       1.820794    
   1.623156       32.08472       1.820795    
   1.640610       32.05048       1.820794    
   1.658063       32.00651       1.820794    
   1.675516       31.95269       1.820795    
   1.692969       31.88901       1.820794    
   1.710423       31.81614       1.820796    
   1.727876       31.73312       1.820795    
   1.745329       31.64068       1.820794    
   1.762783       31.53852       1.820795    
   1.780236       31.42664       1.820794    
   1.797689       31.30532       1.820795    
   1.815143       31.17433       1.820795    
   1.832596       31.03392       1.820795    
   1.850049       30.88416       1.820795    
   1.867502       30.72493       1.820795    
   1.884956       30.55626       1.820794    
   1.902409       30.37833       1.820794    
   1.919862       30.19109       1.820794    
   1.937316       29.99471       1.820795    
   1.954769       29.78913       1.820796    
   1.972222       29.57421       1.820794    
   1.989675       29.35114       1.820794    
   2.007129       29.11852       1.820794    
   2.024582       28.87714       1.820794    
   2.042035       28.62692       1.820795    
   2.059489       28.36804       1.820794    
   2.076942       28.10047       1.820795    
   2.094395       27.82434       1.820794    
   2.111848       27.53978       1.820794    
   2.129302       27.24675       1.820794    
   2.146755       26.94542       1.820794    
   2.164208       26.63597       1.820795    
   2.181662       26.31831       1.820794    
   2.199115       25.99271       1.820795    
   2.216568       25.65907       1.820796    
   2.234021       25.31738       1.820795    
   2.251475       24.96871       1.820795    
   2.268928       24.61212       1.820795    
   2.286381       24.24784       1.820795    
   2.303835       23.87634       1.820795    
   2.321288       23.49751       1.820794    
   2.338741       23.11143       1.820795    
   2.356194       22.71852       1.820794    
   2.373648       22.31845       1.820795    
   2.391101       21.91180       1.820794    
   2.408554       21.49837       1.820795    
   2.426008       21.07834       1.820795    
   2.443461       20.65199       1.820794    
   2.460914       20.21926       1.820795    
   2.478368       19.78014       1.820795    
   2.495821       19.33529       1.820794    
   2.513274       18.88471       1.820795    
   2.530727       18.42832       1.820794    
   2.548181       17.96618       1.820794    
   2.565634       17.49856       1.820795    
   2.583087       17.02567       1.820795    
   2.600541       16.54749       1.820795    
   2.617994       16.06436       1.820795    
   2.635447       15.57629       1.820795    
   2.652900       15.08356       1.820795    
   2.670354       14.58613       1.820794    
   2.687807       14.08433       1.820794    
   2.705260       13.57818       1.820794    
   2.722714       13.06792       1.820795    
   2.740167       12.55370       1.820796    
   2.757620       12.03556       1.820796    
   2.775074       11.51391       1.820795    
   2.792527       10.98868       1.820794    
   2.809980       10.46007       1.820795    
   2.827433       9.928335       1.820795    
   2.844887       9.393538       1.820795    
   2.862340       8.855899       1.820795    
   2.879793       8.315546       1.820795    
   2.897247       7.772649       1.820794    
   2.914700       7.227398       1.820795    
   2.932153       6.679940       1.820795    
   2.949607       6.130450       1.820794    
   2.967060       5.579078       1.820795    
   2.984513       5.026008       1.820795    
   3.001966       4.471465       1.820796    
   3.019420       3.915509       1.820794    
   3.036873       3.358351       1.820796    
   3.054326       2.800206       1.820794    
   3.071780       2.241176       1.820795    
   3.089233       1.681491       1.820794    
   3.106686       1.121277       1.820794    
   3.124139      0.5607316       1.820795    
   3.141593      8.4361700E-06  -1.316749    
