  0.0000000E+00  0.2993328     -0.6468927    
  1.7453292E-02  0.2996474     -0.6461031    
  3.4906585E-02  0.3004970     -0.6438733    
  5.2359879E-02  0.3018859     -0.6402563    
  6.9813170E-02  0.3038668     -0.6351775    
  8.7266468E-02  0.3064628     -0.6286678    
  0.1047198      0.3097174     -0.6206907    
  0.1221731      0.3126973     -0.6135093    
  0.1396263      0.3171159     -0.6032804    
  0.1570796      0.3227877     -0.5907274    
  0.1745329      0.3282905     -0.5789872    
  0.1919862      0.3344819     -0.5663137    
  0.2094395      0.3413577     -0.5529551    
  0.2268928      0.3489164     -0.5389719    
  0.2443461      0.3571035     -0.5246261    
  0.2617994      0.3659301     -0.5100293    
  0.2792527      0.3755034     -0.4950848    
  0.2967060      0.3857133     -0.4800898    
  0.3141593      0.3965937     -0.4650953    
  0.3316126      0.4081769     -0.4501193    
  0.3490659      0.4205081     -0.4352143    
  0.3665192      0.4335991     -0.4204006    
  0.3839725      0.4465309     -0.4066906    
  0.4014257      0.4609049     -0.3924877    
  0.4188790      0.4767309     -0.3779426    
  0.4363323      0.4924124     -0.3645218    
  0.4537856      0.5088335     -0.3514211    
  0.4712389      0.5259822     -0.3386759    
  0.4886922      0.5438242     -0.3263317    
  0.5061455      0.5623131     -0.3144188    
  0.5235988      0.5814293     -0.3029495    
  0.5410521      0.6012791     -0.2918452    
  0.5585054      0.6217320     -0.2811749    
  0.5759587      0.6428013     -0.2709337    
  0.5934120      0.6645253     -0.2610831    
  0.6108653      0.6869364     -0.2516066    
  0.6283185      0.7099997     -0.2424929    
  0.6457719      0.7328701     -0.2340331    
  0.6632251      0.7570223     -0.2256865    
  0.6806784      0.7825460     -0.2174596    
  0.6981317      0.8078293     -0.2098237    
  0.7155850      0.8337375     -0.2024846    
  0.7330383      0.8602465     -0.1954500    
  0.7504916      0.8873190     -0.1887189    
  0.7679449      0.9149116     -0.1822682    
  0.7853982      0.9430042     -0.1760893    
  0.8028514      0.9716785     -0.1701662    
  0.8203048       1.000816     -0.1645041    
  0.8377581       1.030432     -0.1590774    
  0.8552114       1.060549     -0.1538676    
  0.8726646       1.091198     -0.1488790    
  0.8901180       1.122371     -0.1440829    
  0.9075713       1.153219     -0.1395762    
  0.9250245       1.185203     -0.1351809    
  0.9424778       1.218271     -0.1308783    
  0.9599311       1.251070     -0.1268423    
  0.9773844       1.284278     -0.1229538    
  0.9948377       1.317925     -0.1192228    
   1.012291       1.351979     -0.1156379    
   1.029744       1.386402     -0.1121921    
   1.047198       1.421163     -0.1088828    
   1.064651       1.456311     -0.1056995    
   1.082104       1.491765     -0.1026431    
   1.099558       1.527545     -9.9700913E-02
   1.117011       1.563626     -9.6873291E-02
   1.134464       1.600103     -9.4141789E-02
   1.151917       1.636853     -9.1517381E-02
   1.169371       1.673439     -8.9008823E-02
   1.186824       1.710566     -8.6579204E-02
   1.204277       1.748659     -8.4206313E-02
   1.221731       1.786353     -8.1946984E-02
   1.239184       1.824319     -7.9768166E-02
   1.256637       1.862550     -7.7666327E-02
   1.274090       1.901007     -7.5633429E-02
   1.291544       1.939630     -7.3676027E-02
   1.308997       1.978431     -7.1787797E-02
   1.326450       2.017413     -6.9961630E-02
   1.343904       2.056530     -6.8196401E-02
   1.361357       2.095795     -6.6494837E-02
   1.378810       2.135198     -6.4851083E-02
   1.396263       2.174783     -6.3256726E-02
   1.413717       2.214440     -6.1717253E-02
   1.431170       2.253856     -6.0232114E-02
   1.448623       2.293597     -5.8794975E-02
   1.466077       2.333860     -5.7398807E-02
   1.483530       2.373792     -5.6053367E-02
   1.500983       2.413794     -5.4744810E-02
   1.518437       2.453830     -5.3481225E-02
   1.535890       2.493903     -5.2257221E-02
   1.553343       2.533986     -5.1072352E-02
   1.570796       2.574042     -4.9925253E-02
   1.588250       2.614087     -4.8811335E-02
   1.605703       2.654085     -4.7731873E-02
   1.623156       2.694050     -4.6686996E-02
   1.640610       2.733952     -4.5675084E-02
   1.658063       2.773890     -4.4689883E-02
   1.675516       2.813611     -4.3736704E-02
   1.692969       2.853202     -4.2812046E-02
   1.710423       2.892757     -4.1914459E-02
   1.727876       2.932366     -4.1047290E-02
   1.745329       2.971762     -4.0200889E-02
   1.762783       3.010955     -3.9378561E-02
   1.780236       3.050030     -3.8582392E-02
   1.797689       3.088919     -3.7808929E-02
   1.815143       3.127680     -3.7058648E-02
   1.832596       3.166254     -3.6330212E-02
   1.850049       3.204585     -3.5624087E-02
   1.867502       3.242701     -3.4936998E-02
   1.884956       3.280637     -3.4266498E-02
   1.902409       3.318295     -3.3618797E-02
   1.919862       3.355795     -3.2989394E-02
   1.937316       3.392997     -3.2377183E-02
   1.954769       3.429916     -3.1776778E-02
   1.972222       3.466648     -3.1197051E-02
   1.989675       3.502956     -3.0642586E-02
   2.007129       3.539047     -3.0095026E-02
   2.024582       3.574793     -2.9566815E-02
   2.042035       3.610276     -2.9050721E-02
   2.059489       3.645386     -2.8550109E-02
   2.076942       3.680210     -2.8061872E-02
   2.094395       3.714661     -2.7590388E-02
   2.111848       3.748725     -2.7131049E-02
   2.129302       3.782408     -2.6684297E-02
   2.146755       3.815769     -2.6249606E-02
   2.164208       3.848691     -2.5828928E-02
   2.181662       3.881270     -2.5420820E-02
   2.199115       3.913383     -2.5021929E-02
   2.216568       3.945163     -2.4631482E-02
   2.234021       3.976607     -2.4256377E-02
   2.251475       4.007196     -2.3899037E-02
   2.268928       4.037713     -2.3543622E-02
   2.286381       4.067657     -2.3200838E-02
   2.303835       4.097161     -2.2867110E-02
   2.321288       4.126198     -2.2545474E-02
   2.338741       4.154787     -2.2232020E-02
   2.356194       4.182886     -2.1927394E-02
   2.373648       4.210428     -2.1634271E-02
   2.391101       4.237479     -2.1348381E-02
   2.408554       4.264034     -2.1071134E-02
   2.426008       4.290079     -2.0801196E-02
   2.443461       4.315616     -2.0542918E-02
   2.460914       4.340522     -2.0294532E-02
   2.478368       4.365355     -2.0043673E-02
   2.495821       4.389269     -1.9808145E-02
   2.513274       4.412262     -1.9588202E-02
   2.530727       4.435106     -1.9368356E-02
   2.548181       4.457312     -1.9154191E-02
   2.565634       4.478966     -1.8952239E-02
   2.583087       4.499988     -1.8754903E-02
   2.600541       4.520502     -1.8565405E-02
   2.617994       4.540437     -1.8381540E-02
   2.635447       4.559686     -1.8206937E-02
   2.652900       4.578351     -1.8037792E-02
   2.670354       4.596473     -1.7875023E-02
   2.687807       4.613907     -1.7721884E-02
   2.705260       4.630787     -1.7571863E-02
   2.722714       4.646996     -1.7430563E-02
   2.740167       4.662837     -1.7288191E-02
   2.757620       4.677812     -1.7157700E-02
   2.775074       4.691789     -1.7040856E-02
   2.792527       4.705642     -1.6923130E-02
   2.809980       4.718677     -1.6813315E-02
   2.827433       4.731084     -1.6706914E-02
   2.844887       4.742809     -1.6609393E-02
   2.862340       4.753953     -1.6515272E-02
   2.879793       4.764419     -1.6427947E-02
   2.897247       4.774176     -1.6347779E-02
   2.914700       4.783252     -1.6271299E-02
   2.932153       4.791748     -1.6202910E-02
   2.949607       4.799433     -1.6138336E-02
   2.967060       4.806660     -1.6079970E-02
   2.984513       4.812997     -1.6027551E-02
   3.001966       4.819221     -1.5973041E-02
   3.019420       4.824408     -1.5932336E-02
   3.036873       4.828244     -1.5904438E-02
   3.054326       4.832152     -1.5873564E-02
   3.071780       4.835206     -1.5847050E-02
   3.089233       4.837555     -1.5828894E-02
   3.106686       4.839239     -1.5814636E-02
   3.124139       4.840294     -1.5807666E-02
   3.141593       4.840673     -1.5803231E-02
