  0.0000000E+00  0.0000000E+00  0.0000000E+00
  1.7453292E-02  2.7105821E-07   3.115613    
  3.4906585E-02  2.2409151E-07 -6.5510272E-04
  5.2359879E-02  5.3957785E-07   3.137605    
  6.9813170E-02  1.6406503E-08  0.5947849    
  8.7266468E-02  9.9093590E-08   3.121356    
  0.1047198      1.9642223E-06  4.6059908E-03
  0.1221731      1.0931381E-05   3.139253    
  0.1396263      8.0434629E-06  5.1706174E-04
  0.1570796      9.8218482E-07   3.108450    
  0.1745329      1.0159090E-06  1.3290490E-02
  0.1919862      7.3892966E-07  5.6719519E-02
  0.2094395      6.3241987E-07   3.045320    
  0.2268928      1.3300134E-07   3.113000    
  0.2443461      4.5872076E-07   3.107600    
  0.2617994      1.0246295E-06  -3.119705    
  0.2792527      8.6503519E-07   3.110017    
  0.2967060      7.6649837E-07  1.0787372E-02
  0.3141593      5.0182467E-07  3.9981671E-02
  0.3316126      1.0838198E-06  0.1061717    
  0.3490659      2.4397701E-07 -9.3439966E-02
  0.3665192      7.3255092E-07   3.000707    
  0.3839725      8.0118853E-06   3.130834    
  0.4014257      1.5419674E-06  2.8178807E-02
  0.4188790      1.9013586E-06   3.122517    
  0.4363323      1.6284986E-07   2.230338    
  0.4537856      1.2720088E-07  0.2880991    
  0.4712389      1.4693987E-07  0.5467612    
  0.4886922      5.7338696E-07   2.924024    
  0.5061455      4.0632054E-07   3.064688    
  0.5235988      1.2168232E-06 -5.0426021E-02
  0.5410521      5.1368517E-07   3.043958    
  0.5585054      2.1108607E-07  0.2161588    
  0.5759587      5.5269186E-07 -5.5526357E-02
  0.5934120      5.2021704E-07  7.7776194E-02
  0.6108653      1.3372095E-06   3.109627    
  0.6283185      1.8132624E-06  4.0554162E-02
  0.6457719      1.9125923E-06   3.068397    
  0.6632251      2.3817395E-06   3.082855    
  0.6806784      2.3823829E-06   3.070921    
  0.6981317      1.0303387E-06   2.972966    
  0.7155850      1.7404061E-07  -2.408509    
  0.7330383      7.6291707E-07  3.6917534E-02
  0.7504916      1.9401574E-07  0.4266479    
  0.7679449      9.2726827E-07  7.2513018E-03
  0.7853982      1.2023277E-07  0.2965901    
  0.8028514      5.2970643E-07   2.884470    
  0.8203048      1.0156787E-06  0.1494844    
  0.8377581      8.2920116E-07 -8.0844909E-02
  0.8552114      1.8894630E-07   2.148361    
  0.8726646      8.7505828E-07  7.2511576E-02
  0.8901180      7.5178235E-07  0.1863023    
  0.9075713      1.0418393E-05  -3.139931    
  0.9250245      4.5880465E-06   3.100908    
  0.9424778      1.6173269E-06   3.048091    
  0.9599311      1.6404431E-07  -2.347332    
  0.9773844      1.9987905E-07  0.8031542    
  0.9948377      3.2774295E-07  -3.008278    
   1.012291      2.9570541E-07  -3.034064    
   1.029744      3.7972902E-07  8.5080758E-02
   1.047198      3.5922830E-07   2.978499    
   1.064651      5.9465077E-07   2.868681    
   1.082104      1.0304284E-07   2.141096    
   1.099558      8.9308770E-07   3.116198    
   1.117011      7.8443048E-07  0.3601087    
   1.134464      3.4363171E-07  0.7292290    
   1.151917      2.0899445E-06 -2.0956568E-02
   1.169371      6.2454915E-06   3.122026    
   1.186824      6.7181355E-07   3.093859    
   1.204277      1.0939347E-06  7.2709359E-02
   1.221731      4.7616194E-07   2.861513    
   1.239184      1.6577430E-07  0.2308625    
   1.256637      3.9295409E-07   2.959605    
   1.274090      3.4130920E-07   2.852836    
   1.291544      2.6471230E-07   2.180980    
   1.308997      3.3890890E-07  0.8891558    
   1.326450      3.8411028E-07   3.030442    
   1.343904      5.3912237E-07  0.1946084    
   1.361357      4.4929473E-07  0.3331650    
   1.378810      5.0462705E-07   2.978960    
   1.396263      7.1560135E-07   3.070447    
   1.413717      1.6929587E-06   3.051893    
   1.431170      8.1530370E-06   3.119936    
   1.448623      8.1755652E-06  1.2601851E-02
   1.466077      7.8250355E-07  0.1335665    
   1.483530      2.0799341E-06  5.6300103E-03
   1.500983      7.7731460E-07  0.1298384    
   1.518437      4.9678550E-07  0.5553094    
   1.535890      3.2277563E-07  0.2463115    
   1.553343      1.5649884E-07   2.130061    
   1.570796      3.4246236E-07  0.3219087    
   1.588250      9.4886593E-07  -3.122062    
   1.605703      2.1788493E-07  0.8004968    
   1.623156      3.1107743E-07  0.8459055    
   1.640610      4.4415103E-07 -5.7750393E-02
   1.658063      1.1509803E-06   3.107448    
   1.675516      2.3225778E-06  9.4537012E-02
   1.692969      8.6945593E-06   3.134958    
   1.710423      1.1608845E-05  1.3435225E-03
   1.727876      1.0578549E-06  -3.139530    
   1.745329      9.2628881E-07  0.1700143    
   1.762783      1.5961689E-06  1.6731637E-02
   1.780236      9.3506799E-08   2.565330    
   1.797689      6.8386657E-07  -3.096403    
   1.815143      4.3216005E-07 -0.2634787    
   1.832596      8.9266155E-07  -3.099696    
   1.850049      9.0572337E-07  -3.075406    
   1.867502      6.0915085E-07  0.1224493    
   1.884956      8.1647283E-07  8.8359110E-02
   1.902409      4.1833846E-07  0.3291173    
   1.919862      7.5876585E-07 -8.5322345E-03
   1.937316      2.6285618E-06  -3.119061    
   1.954769      2.1933558E-06   3.100724    
   1.972222      1.2813224E-06  -3.113911    
   1.989675      4.2314050E-06  1.7546766E-02
   2.007129      1.3590966E-06  -3.138216    
   2.024582      9.8551550E-07  0.2370231    
   2.042035      2.2748640E-07   2.359737    
   2.059489      1.8484407E-07 -1.1587674E-02
   2.076942      7.5584005E-08   2.647708    
   2.094395      1.0337542E-06  0.1163928    
   2.111848      8.6695252E-07   3.089232    
   2.129302      3.8674617E-07   3.125374    
   2.146755      9.6129065E-07  4.3577120E-02
   2.164208      1.3285253E-06   3.077872    
   2.181662      1.4194728E-06  4.3762662E-02
   2.199115      6.0000622E-07  1.6598577E-02
   2.216568      1.8475524E-06   3.140034    
   2.234021      4.4800563E-06  -3.136950    
   2.251475      2.4214544E-06   3.140864    
   2.268928      3.6047518E-07 -1.4736170E-02
   2.286381      8.3365404E-07   3.088151    
   2.303835      5.8085953E-07  0.1549251    
   2.321288      4.5822469E-07 -4.7579922E-02
   2.338741      2.4913146E-07 -0.3112622    
   2.356194      4.2994614E-07 -5.6039780E-02
   2.373648      5.5856850E-07   3.074185    
   2.391101      6.1304087E-07   3.033515    
   2.408554      8.5862484E-07   3.122527    
   2.426008      6.3442150E-07 -6.0139760E-02
   2.443461      5.9117946E-07   3.021187    
   2.460914      2.1857443E-06 -4.8886742E-02
   2.478368      4.2443239E-06 -1.1185098E-02
   2.495821      5.2899509E-06  1.7951677E-03
   2.513274      3.4899213E-06  -3.130058    
   2.530727      1.6979404E-06   3.141526    
   2.548181      1.0460029E-06 -2.1082780E-03
   2.565634      1.2048956E-06  -3.092548    
   2.583087      2.1131376E-07  0.4670176    
   2.600541      1.3710371E-07 -0.6045782    
   2.617994      1.1104676E-06  -3.105627    
   2.635447      3.4148176E-08   2.773033    
   2.652900      3.4964469E-07   3.140154    
   2.670354      1.2786737E-06  4.6824768E-02
   2.687807      1.1560001E-06   3.095905    
   2.705260      1.2005789E-06 -2.5114249E-02
   2.722714      2.3645953E-06  -3.125859    
   2.740167      1.1726288E-06  -3.132167    
   2.757620      7.9391166E-06  2.7978832E-03
   2.775074      2.3268710E-06  -3.120588    
   2.792527      9.3107178E-07   3.112500    
   2.809980      2.5675757E-07  5.9586115E-02
   2.827433      4.3828427E-07  8.9264728E-02
   2.844887      7.5486696E-07  -3.114893    
   2.862340      7.2667331E-07 -2.4379954E-02
   2.879793      1.4859887E-07  0.1048684    
   2.897247      3.9244085E-07 -0.1419641    
   2.914700      6.0929528E-07 -2.8745549E-02
   2.932153      4.4088335E-08   2.717797    
   2.949607      2.0148482E-07  -3.007878    
   2.967060      2.7824681E-06  -3.132816    
   2.984513      9.5887208E-07 -1.0555899E-02
   3.001966      1.1709063E-05   3.141033    
   3.019420      7.9977026E-06  2.0138079E-03
   3.036873      5.3355529E-07   3.133499    
   3.054326      6.6064791E-07  1.7413281E-02
   3.071780      1.5255819E-06  2.9230700E-03
   3.089233      4.6307565E-07  -3.125768    
   3.106686      3.0343870E-08  7.3542424E-02
   3.124139      1.2268016E-06 -1.1657071E-02
   3.141593      3.3697495E-07   3.106396    
