  0.0000000E+00   6.909139      -1.469074    
  1.7453292E-02   6.908079      -1.469075    
  3.4906585E-02   6.904915      -1.469074    
  5.2359879E-02   6.899723      -1.469073    
  6.9813170E-02   6.892288      -1.469075    
  8.7266468E-02   6.882801      -1.469074    
  0.1047198       6.871295      -1.469074    
  0.1221731       6.857638      -1.469077    
  0.1396263       6.841896      -1.469074    
  0.1570796       6.824092      -1.469075    
  0.1745329       6.804192      -1.469075    
  0.1919862       6.782219      -1.469075    
  0.2094395       6.758190      -1.469075    
  0.2268928       6.732055      -1.469074    
  0.2443461       6.703909      -1.469075    
  0.2617994       6.673715      -1.469075    
  0.2792527       6.641503      -1.469074    
  0.2967060       6.607234      -1.469076    
  0.3141593       6.571042      -1.469075    
  0.3316126       6.532738      -1.469075    
  0.3490659       6.492488      -1.469075    
  0.3665192       6.450264      -1.469073    
  0.3839725       6.406010      -1.469074    
  0.4014257       6.359877      -1.469074    
  0.4188790       6.311826      -1.469075    
  0.4363323       6.261825      -1.469074    
  0.4537856       6.209913      -1.469075    
  0.4712389       6.156137      -1.469073    
  0.4886922       6.100391      -1.469074    
  0.5061455       6.042864      -1.469076    
  0.5235988       5.983492      -1.469074    
  0.5410521       5.922300      -1.469074    
  0.5585054       5.859276      -1.469075    
  0.5759587       5.794505      -1.469075    
  0.5934120       5.727947      -1.469074    
  0.6108653       5.659651      -1.469073    
  0.6283185       5.589621      -1.469075    
  0.6457719       5.517882      -1.469073    
  0.6632251       5.444471      -1.469076    
  0.6806784       5.369426      -1.469074    
  0.6981317       5.292722      -1.469077    
  0.7155850       5.214375      -1.469076    
  0.7330383       5.134494      -1.469076    
  0.7504916       5.053014      -1.469076    
  0.7679449       4.970039      -1.469075    
  0.7853982       4.885496      -1.469075    
  0.8028514       4.799500      -1.469075    
  0.8203048       4.712015      -1.469076    
  0.8377581       4.623105      -1.469073    
  0.8552114       4.532795      -1.469076    
  0.8726646       4.441117      -1.469076    
  0.8901180       4.348070      -1.469074    
  0.9075713       4.253677      -1.469075    
  0.9250245       4.158035      -1.469074    
  0.9424778       4.061102      -1.469074    
  0.9599311       3.962928      -1.469073    
  0.9773844       3.863556      -1.469074    
  0.9948377       3.762979      -1.469076    
   1.012291       3.661281      -1.469075    
   1.029744       3.558476      -1.469075    
   1.047198       3.454561      -1.469075    
   1.064651       3.349619      -1.469076    
   1.082104       3.243641      -1.469075    
   1.099558       3.136684      -1.469074    
   1.117011       3.028774      -1.469074    
   1.134464       2.919937      -1.469076    
   1.151917       2.810205      -1.469077    
   1.169371       2.699616      -1.469075    
   1.186824       2.588111      -1.469073    
   1.204277       2.476032      -1.469078    
   1.221731       2.363064      -1.469071    
   1.239184       2.249393      -1.469078    
   1.256637       2.135060      -1.469072    
   1.274090       2.020043      -1.469071    
   1.291544       1.904419      -1.469071    
   1.308997       1.788214      -1.469074    
   1.326450       1.671470      -1.469078    
   1.343904       1.554213      -1.469078    
   1.361357       1.436495      -1.469075    
   1.378810       1.318327      -1.469071    
   1.396263       1.199764      -1.469073    
   1.413717       1.080845      -1.469073    
   1.431170      0.9615396      -1.469084    
   1.448623      0.8420434      -1.469074    
   1.466077      0.7221985      -1.469072    
   1.483530      0.6021655      -1.469082    
   1.500983      0.4819583      -1.469074    
   1.518437      0.3615913      -1.469054    
   1.535890      0.2411202      -1.469071    
   1.553343      0.1205794      -1.469105    
   1.570796      5.1565453E-06  -1.432379    
   1.588250      0.1205847       1.672517    
   1.605703      0.2411222       1.672512    
   1.623156      0.3615927       1.672527    
   1.640610      0.4819624       1.672536    
   1.658063      0.6021709       1.672510    
   1.675516      0.7222059       1.672532    
   1.692969      0.8419988       1.672512    
   1.710423      0.9615580       1.672514    
   1.727876       1.080828       1.672525    
   1.745329       1.199764       1.672513    
   1.762783       1.318321       1.672518    
   1.780236       1.436499       1.672521    
   1.797689       1.554216       1.672520    
   1.815143       1.671472       1.672515    
   1.832596       1.788219       1.672516    
   1.850049       1.904421       1.672521    
   1.867502       2.020031       1.672515    
   1.884956       2.135056       1.672518    
   1.902409       2.249405       1.672517    
   1.919862       2.363070       1.672519    
   1.937316       2.476059       1.672517    
   1.954769       2.588195       1.672518    
   1.972222       2.699507       1.672517    
   1.989675       2.810232       1.672516    
   2.007129       2.919965       1.672518    
   2.024582       3.028758       1.672517    
   2.042035       3.136693       1.672520    
   2.059489       3.243645       1.672519    
   2.076942       3.349613       1.672517    
   2.094395       3.454563       1.672516    
   2.111848       3.558471       1.672517    
   2.129302       3.661282       1.672518    
   2.146755       3.763006       1.672517    
   2.164208       3.863544       1.672518    
   2.181662       3.962966       1.672521    
   2.199115       4.061150       1.672518    
   2.216568       4.158023       1.672518    
   2.234021       4.253726       1.672518    
   2.251475       4.348075       1.672519    
   2.268928       4.441084       1.672518    
   2.286381       4.532819       1.672517    
   2.303835       4.623129       1.672519    
   2.321288       4.712017       1.672517    
   2.338741       4.799500       1.672519    
   2.356194       4.885487       1.672518    
   2.373648       4.970024       1.672518    
   2.391101       5.053010       1.672516    
   2.408554       5.134496       1.672517    
   2.426008       5.214416       1.672518    
   2.443461       5.292682       1.672518    
   2.460914       5.369426       1.672518    
   2.478368       5.444500       1.672518    
   2.495821       5.517640       1.672518    
   2.513274       5.589633       1.672519    
   2.530727       5.659690       1.672517    
   2.548181       5.727936       1.672518    
   2.565634       5.794516       1.672518    
   2.583087       5.859279       1.672518    
   2.600541       5.922287       1.672518    
   2.617994       5.983489       1.672518    
   2.635447       6.042869       1.672518    
   2.652900       6.100401       1.672518    
   2.670354       6.156114       1.672518    
   2.687807       6.209894       1.672518    
   2.705260       6.261869       1.672517    
   2.722714       6.311911       1.672517    
   2.740167       6.359908       1.672519    
   2.757620       6.406043       1.672518    
   2.775074       6.450260       1.672518    
   2.792527       6.492478       1.672517    
   2.809980       6.532739       1.672517    
   2.827433       6.571042       1.672519    
   2.844887       6.607233       1.672518    
   2.862340       6.641512       1.672519    
   2.879793       6.673702       1.672518    
   2.897247       6.703914       1.672519    
   2.914700       6.732049       1.672519    
   2.932153       6.758191       1.672518    
   2.949607       6.782234       1.672518    
   2.967060       6.804224       1.672518    
   2.984513       6.824092       1.672517    
   3.001966       6.841913       1.672517    
   3.019420       6.857361       1.672515    
   3.036873       6.871302       1.672517    
   3.054326       6.882862       1.672518    
   3.071780       6.892265       1.672518    
   3.089233       6.899654       1.672519    
   3.106686       6.904919       1.672519    
   3.124139       6.908105       1.672517    
   3.141593       6.909127       1.672519    
