  0.0000000E+00  0.0000000E+00  0.0000000E+00
  1.7453292E-02  0.1008068      -1.283152    
  3.4906585E-02  0.2015828      -1.283152    
  5.2359879E-02  0.3022974      -1.283152    
  6.9813170E-02  0.4029201      -1.283152    
  8.7266468E-02  0.5034202      -1.283152    
  0.1047198      0.6037668      -1.283152    
  0.1221731      0.7039285      -1.283152    
  0.1396263      0.8038765      -1.283152    
  0.1570796      0.9035804      -1.283152    
  0.1745329       1.003009      -1.283152    
  0.1919862       1.102131      -1.283152    
  0.2094395       1.200918      -1.283152    
  0.2268928       1.299339      -1.283152    
  0.2443461       1.397364      -1.283152    
  0.2617994       1.494964      -1.283152    
  0.2792527       1.592108      -1.283152    
  0.2967060       1.688766      -1.283152    
  0.3141593       1.784911      -1.283152    
  0.3316126       1.880513      -1.283152    
  0.3490659       1.975541      -1.283152    
  0.3665192       2.069968      -1.283152    
  0.3839725       2.163763      -1.283152    
  0.4014257       2.256897      -1.283152    
  0.4188790       2.349349      -1.283152    
  0.4363323       2.441084      -1.283152    
  0.4537856       2.532074      -1.283152    
  0.4712389       2.622292      -1.283151    
  0.4886922       2.711713      -1.283152    
  0.5061455       2.800306      -1.283152    
  0.5235988       2.888048      -1.283152    
  0.5410521       2.974907      -1.283152    
  0.5585054       3.060862      -1.283152    
  0.5759587       3.145887      -1.283152    
  0.5934120       3.229953      -1.283152    
  0.6108653       3.313034      -1.283152    
  0.6283185       3.395104      -1.283152    
  0.6457719       3.476142      -1.283152    
  0.6632251       3.556119      -1.283152    
  0.6806784       3.635013      -1.283152    
  0.6981317       3.712802      -1.283152    
  0.7155850       3.789459      -1.283152    
  0.7330383       3.864961      -1.283152    
  0.7504916       3.939288      -1.283152    
  0.7679449       4.012412      -1.283152    
  0.7853982       4.084316      -1.283152    
  0.8028514       4.154974      -1.283152    
  0.8203048       4.224369      -1.283152    
  0.8377581       4.292476      -1.283152    
  0.8552114       4.359273      -1.283152    
  0.8726646       4.424742      -1.283152    
  0.8901180       4.488872      -1.283152    
  0.9075713       4.551624      -1.283152    
  0.9250245       4.612996      -1.283152    
  0.9424778       4.672956      -1.283152    
  0.9599311       4.731499      -1.283152    
  0.9773844       4.788598      -1.283152    
  0.9948377       4.844242      -1.283152    
   1.012291       4.898407      -1.283152    
   1.029744       4.951078      -1.283152    
   1.047198       5.002247      -1.283152    
   1.064651       5.051888      -1.283152    
   1.082104       5.099989      -1.283152    
   1.099558       5.146538      -1.283152    
   1.117011       5.191517      -1.283152    
   1.134464       5.234920      -1.283152    
   1.151917       5.276726      -1.283152    
   1.169371       5.316921      -1.283152    
   1.186824       5.355502      -1.283152    
   1.204277       5.392446      -1.283152    
   1.221731       5.427754      -1.283152    
   1.239184       5.461402      -1.283152    
   1.256637       5.493387      -1.283152    
   1.274090       5.523706      -1.283152    
   1.291544       5.552337      -1.283152    
   1.308997       5.579282      -1.283152    
   1.326450       5.604517      -1.283152    
   1.343904       5.628054      -1.283152    
   1.361357       5.649873      -1.283152    
   1.378810       5.669967      -1.283152    
   1.396263       5.688342      -1.283152    
   1.413717       5.704982      -1.283152    
   1.431170       5.719879      -1.283152    
   1.448623       5.733032      -1.283152    
   1.466077       5.744454      -1.283152    
   1.483530       5.754114      -1.283152    
   1.500983       5.762026      -1.283152    
   1.518437       5.768180      -1.283152    
   1.535890       5.772578      -1.283152    
   1.553343       5.775213      -1.283152    
   1.570796       5.776091      -1.283152    
   1.588250       5.775215      -1.283152    
   1.605703       5.772580      -1.283152    
   1.623156       5.768180      -1.283152    
   1.640610       5.762026      -1.283152    
   1.658063       5.754114      -1.283152    
   1.675516       5.744453      -1.283152    
   1.692969       5.733040      -1.283152    
   1.710423       5.719879      -1.283152    
   1.727876       5.704977      -1.283152    
   1.745329       5.688341      -1.283152    
   1.762783       5.669965      -1.283152    
   1.780236       5.649873      -1.283152    
   1.797689       5.628052      -1.283152    
   1.815143       5.604517      -1.283152    
   1.832596       5.579285      -1.283152    
   1.850049       5.552341      -1.283152    
   1.867502       5.523708      -1.283152    
   1.884956       5.493389      -1.283152    
   1.902409       5.461402      -1.283152    
   1.919862       5.427751      -1.283152    
   1.937316       5.392444      -1.283152    
   1.954769       5.355504      -1.283152    
   1.972222       5.316922      -1.283152    
   1.989675       5.276724      -1.283152    
   2.007129       5.234919      -1.283152    
   2.024582       5.191517      -1.283152    
   2.042035       5.146540      -1.283152    
   2.059489       5.099985      -1.283152    
   2.076942       5.051889      -1.283152    
   2.094395       5.002244      -1.283152    
   2.111848       4.951079      -1.283152    
   2.129302       4.898407      -1.283152    
   2.146755       4.844240      -1.283152    
   2.164208       4.788598      -1.283151    
   2.181662       4.731495      -1.283151    
   2.199115       4.672956      -1.283152    
   2.216568       4.612992      -1.283152    
   2.234021       4.551625      -1.283152    
   2.251475       4.488869      -1.283152    
   2.268928       4.424745      -1.283152    
   2.286381       4.359274      -1.283152    
   2.303835       4.292474      -1.283152    
   2.321288       4.224366      -1.283152    
   2.338741       4.154975      -1.283152    
   2.356194       4.084317      -1.283152    
   2.373648       4.012411      -1.283152    
   2.391101       3.939287      -1.283152    
   2.408554       3.864962      -1.283152    
   2.426008       3.789458      -1.283152    
   2.443461       3.712802      -1.283152    
   2.460914       3.635016      -1.283152    
   2.478368       3.556116      -1.283152    
   2.495821       3.476138      -1.283152    
   2.513274       3.395106      -1.283152    
   2.530727       3.313034      -1.283152    
   2.548181       3.229950      -1.283152    
   2.565634       3.145888      -1.283152    
   2.583087       3.060864      -1.283152    
   2.600541       2.974905      -1.283152    
   2.617994       2.888045      -1.283152    
   2.635447       2.800307      -1.283152    
   2.652900       2.711717      -1.283152    
   2.670354       2.622292      -1.283152    
   2.687807       2.532074      -1.283152    
   2.705260       2.441085      -1.283152    
   2.722714       2.349347      -1.283152    
   2.740167       2.256900      -1.283152    
   2.757620       2.163764      -1.283152    
   2.775074       2.069965      -1.283152    
   2.792527       1.975539      -1.283152    
   2.809980       1.880513      -1.283152    
   2.827433       1.784913      -1.283152    
   2.844887       1.688764      -1.283152    
   2.862340       1.592107      -1.283152    
   2.879793       1.494964      -1.283152    
   2.897247       1.397360      -1.283152    
   2.914700       1.299337      -1.283152    
   2.932153       1.200919      -1.283152    
   2.949607       1.102128      -1.283152    
   2.967060       1.003006      -1.283152    
   2.984513      0.9035802      -1.283152    
   3.001966      0.8038792      -1.283152    
   3.019420      0.7039261      -1.283152    
   3.036873      0.6037652      -1.283152    
   3.054326      0.5034207      -1.283152    
   3.071780      0.4029170      -1.283152    
   3.089233      0.3022967      -1.283152    
   3.106686      0.2015825      -1.283152    
   3.124139      0.1008085      -1.283152    
   3.141593      1.8210903E-06   1.828439    
