  0.0000000E+00   7.591333      -1.219300    
  1.7453292E-02   7.590175      -1.219300    
  3.4906585E-02   7.586712      -1.219300    
  5.2359879E-02   7.580932      -1.219300    
  6.9813170E-02   7.572834      -1.219300    
  8.7266468E-02   7.562447      -1.219299    
  0.1047198       7.549751      -1.219300    
  0.1221731       7.534761      -1.219300    
  0.1396263       7.517489      -1.219299    
  0.1570796       7.497870      -1.219301    
  0.1745329       7.476000      -1.219299    
  0.1919862       7.451854      -1.219300    
  0.2094395       7.425444      -1.219300    
  0.2268928       7.396769      -1.219300    
  0.2443461       7.365832      -1.219300    
  0.2617994       7.332661      -1.219300    
  0.2792527       7.297252      -1.219300    
  0.2967060       7.259625      -1.219300    
  0.3141593       7.219787      -1.219300    
  0.3316126       7.177742      -1.219300    
  0.3490659       7.133514      -1.219300    
  0.3665192       7.087121      -1.219300    
  0.3839725       7.038595      -1.219300    
  0.4014257       6.987888      -1.219299    
  0.4188790       6.935033      -1.219300    
  0.4363323       6.880082      -1.219300    
  0.4537856       6.823043      -1.219299    
  0.4712389       6.763929      -1.219300    
  0.4886922       6.702750      -1.219300    
  0.5061455       6.639527      -1.219301    
  0.5235988       6.574285      -1.219300    
  0.5410521       6.507036      -1.219300    
  0.5585054       6.437818      -1.219300    
  0.5759587       6.366625      -1.219299    
  0.5934120       6.293499      -1.219300    
  0.6108653       6.218453      -1.219300    
  0.6283185       6.141520      -1.219300    
  0.6457719       6.062723      -1.219299    
  0.6632251       5.982047      -1.219300    
  0.6806784       5.899578      -1.219300    
  0.6981317       5.815298      -1.219300    
  0.7155850       5.729251      -1.219300    
  0.7330383       5.641458      -1.219300    
  0.7504916       5.551950      -1.219299    
  0.7679449       5.460744      -1.219300    
  0.7853982       5.367884      -1.219300    
  0.8028514       5.273384      -1.219299    
  0.8203048       5.177279      -1.219300    
  0.8377581       5.079592      -1.219300    
  0.8552114       4.980364      -1.219300    
  0.8726646       4.879613      -1.219301    
  0.8901180       4.777383      -1.219300    
  0.9075713       4.673695      -1.219300    
  0.9250245       4.568596      -1.219300    
  0.9424778       4.462073      -1.219301    
  0.9599311       4.354208      -1.219300    
  0.9773844       4.245021      -1.219300    
  0.9948377       4.134535      -1.219301    
   1.012291       4.022792      -1.219300    
   1.029744       3.909822      -1.219300    
   1.047198       3.795663      -1.219300    
   1.064651       3.680347      -1.219299    
   1.082104       3.563917      -1.219299    
   1.099558       3.446387      -1.219300    
   1.117011       3.327817      -1.219300    
   1.134464       3.208234      -1.219300    
   1.151917       3.087677      -1.219299    
   1.169371       2.966178      -1.219299    
   1.186824       2.843766      -1.219300    
   1.204277       2.720490      -1.219300    
   1.221731       2.596386      -1.219301    
   1.239184       2.471494      -1.219300    
   1.256637       2.345851      -1.219301    
   1.274090       2.219493      -1.219300    
   1.291544       2.092451      -1.219301    
   1.308997       1.964780      -1.219301    
   1.326450       1.836511      -1.219302    
   1.343904       1.707675      -1.219300    
   1.361357       1.578327      -1.219300    
   1.378810       1.448493      -1.219299    
   1.396263       1.318224      -1.219300    
   1.413717       1.187544      -1.219297    
   1.431170       1.056513      -1.219299    
   1.448623      0.9251591      -1.219301    
   1.466077      0.7935080      -1.219298    
   1.483530      0.6616268      -1.219302    
   1.500983      0.5295472      -1.219298    
   1.518437      0.3972956      -1.219304    
   1.535890      0.2649317      -1.219298    
   1.553343      0.1324874      -1.219296    
   1.570796      1.3795438E-06  -1.722661    
   1.588250      0.1324898       1.922303    
   1.605703      0.2649350       1.922289    
   1.623156      0.3972976       1.922294    
   1.640610      0.5295493       1.922294    
   1.658063      0.6616322       1.922298    
   1.675516      0.7935101       1.922295    
   1.692969      0.9251451       1.922291    
   1.710423       1.056514       1.922294    
   1.727876       1.187549       1.922294    
   1.745329       1.318220       1.922294    
   1.762783       1.448498       1.922292    
   1.780236       1.578328       1.922294    
   1.797689       1.707678       1.922293    
   1.815143       1.836513       1.922292    
   1.832596       1.964782       1.922293    
   1.850049       2.092455       1.922292    
   1.867502       2.219491       1.922293    
   1.884956       2.345855       1.922293    
   1.902409       2.471498       1.922293    
   1.919862       2.596389       1.922293    
   1.937316       2.720495       1.922292    
   1.954769       2.843777       1.922294    
   1.972222       2.966161       1.922293    
   1.989675       3.087669       1.922293    
   2.007129       3.208238       1.922294    
   2.024582       3.327824       1.922293    
   2.042035       3.446391       1.922293    
   2.059489       3.563918       1.922293    
   2.076942       3.680351       1.922293    
   2.094395       3.795662       1.922292    
   2.111848       3.909822       1.922293    
   2.129302       4.022797       1.922293    
   2.146755       4.134537       1.922293    
   2.164208       4.245018       1.922293    
   2.181662       4.354210       1.922293    
   2.199115       4.462074       1.922293    
   2.216568       4.568598       1.922293    
   2.234021       4.673704       1.922293    
   2.251475       4.777390       1.922293    
   2.268928       4.879617       1.922293    
   2.286381       4.980359       1.922293    
   2.303835       5.079595       1.922293    
   2.321288       5.177281       1.922292    
   2.338741       5.273382       1.922293    
   2.356194       5.367886       1.922292    
   2.373648       5.460750       1.922293    
   2.391101       5.551946       1.922293    
   2.408554       5.641457       1.922293    
   2.426008       5.729256       1.922292    
   2.443461       5.815301       1.922293    
   2.460914       5.899572       1.922293    
   2.478368       5.982075       1.922293    
   2.495821       6.062702       1.922293    
   2.513274       6.141519       1.922293    
   2.530727       6.218456       1.922293    
   2.548181       6.293501       1.922293    
   2.565634       6.366622       1.922293    
   2.583087       6.437813       1.922293    
   2.600541       6.507037       1.922293    
   2.617994       6.574285       1.922293    
   2.635447       6.639529       1.922293    
   2.652900       6.702745       1.922293    
   2.670354       6.763926       1.922293    
   2.687807       6.823045       1.922293    
   2.705260       6.880081       1.922293    
   2.722714       6.935028       1.922292    
   2.740167       6.987892       1.922294    
   2.757620       7.038599       1.922294    
   2.775074       7.087125       1.922293    
   2.792527       7.133519       1.922293    
   2.809980       7.177744       1.922293    
   2.827433       7.219786       1.922293    
   2.844887       7.259630       1.922293    
   2.862340       7.297255       1.922292    
   2.879793       7.332658       1.922293    
   2.897247       7.365838       1.922293    
   2.914700       7.396777       1.922293    
   2.932153       7.425441       1.922293    
   2.949607       7.451856       1.922293    
   2.967060       7.475997       1.922293    
   2.984513       7.497871       1.922293    
   3.001966       7.517463       1.922292    
   3.019420       7.534720       1.922291    
   3.036873       7.549755       1.922293    
   3.054326       7.562438       1.922293    
   3.071780       7.572839       1.922293    
   3.089233       7.580930       1.922293    
   3.106686       7.586712       1.922293    
   3.124139       7.590176       1.922293    
   3.141593       7.591332       1.922293    
