  0.0000000E+00  0.0000000E+00  0.0000000E+00
  1.7453292E-02  2.4855435E-02   1.570836    
  3.4906585E-02  4.4500221E-02   1.570808    
  5.2359879E-02  6.7541100E-02   1.570809    
  6.9813170E-02  6.9768384E-02   1.570816    
  8.7266468E-02  0.1138546       1.570820    
  0.1047198      0.1403053       1.570812    
  0.1221731      0.1663447       1.570812    
  0.1396263      0.1773578       1.570819    
  0.1570796      0.1973815       1.570818    
  0.1745329      0.2061646       1.570816    
  0.1919862      0.2422378       1.570817    
  0.2094395      0.2747970       1.570814    
  0.2268928      0.3231859       1.570814    
  0.2443461      0.3269573       1.570816    
  0.2617994      0.3356233       1.570814    
  0.2792527      0.3749798       1.570815    
  0.2967060      0.4089581       1.570814    
  0.3141593      0.4052586       1.570814    
  0.3316126      0.3770004       1.570817    
  0.3490659      0.4261277       1.570817    
  0.3665192      0.4685758       1.570815    
  0.3839725      0.4987504       1.570814    
  0.4014257      0.5090121       1.570815    
  0.4188790      0.5216724       1.570816    
  0.4363323      0.5122440       1.570818    
  0.4537856      0.5377434       1.570819    
  0.4712389      0.5983236       1.570814    
  0.4886922      0.6687124       1.570814    
  0.5061455      0.6565129       1.570816    
  0.5235988      0.6484159       1.570816    
  0.5410521      0.6995504       1.570815    
  0.5585054      0.7457873       1.570814    
  0.5759587      0.7152750       1.570815    
  0.5934120      0.6585740       1.570818    
  0.6108653      0.7094248       1.570817    
  0.6283185      0.7648532       1.570817    
  0.6457719      0.7971154       1.570815    
  0.6632251      0.8060402       1.570815    
  0.6806784      0.8104805       1.570816    
  0.6981317      0.7830824       1.570817    
  0.7155850      0.7963822       1.570818    
  0.7330383      0.8810946       1.570814    
  0.7504916      0.9686037       1.570814    
  0.7679449      0.9409761       1.570817    
  0.7853982      0.9169316       1.570816    
  0.8028514      0.9761211       1.570816    
  0.8203048       1.031489       1.570814    
  0.8377581      0.9766481       1.570816    
  0.8552114      0.8950543       1.570818    
  0.8726646      0.9441079       1.570818    
  0.8901180       1.009060       1.570817    
  0.9075713       1.041243       1.570815    
  0.9250245       1.048049       1.570815    
  0.9424778       1.043961       1.570816    
  0.9599311       1.000861       1.570818    
  0.9773844       1.001874       1.570819    
  0.9948377       1.103884       1.570815    
   1.012291       1.202937       1.570814    
   1.029744       1.161741       1.570816    
   1.047198       1.123008       1.570816    
   1.064651       1.186817       1.570816    
   1.082104       1.246923       1.570815    
   1.099558       1.168278       1.570816    
   1.117011       1.069928       1.570818    
   1.134464       1.114916       1.570818    
   1.151917       1.184082       1.570816    
   1.169371       1.214543       1.570815    
   1.186824       1.218532       1.570817    
   1.204277       1.206804       1.570816    
   1.221731       1.150121       1.570818    
   1.239184       1.137395       1.570818    
   1.256637       1.251513       1.570815    
   1.274090       1.354739       1.570814    
   1.291544       1.302737       1.570816    
   1.308997       1.252767       1.570817    
   1.326450       1.316101       1.570816    
   1.343904       1.377768       1.570815    
   1.361357       1.286297       1.570815    
   1.378810       1.173579       1.570819    
   1.396263       1.209559       1.570818    
   1.413717       1.279155       1.570816    
   1.431170       1.304752       1.570816    
   1.448623       1.306048       1.570816    
   1.466077       1.286306       1.570816    
   1.483530       1.221440       1.570818    
   1.500983       1.196178       1.570819    
   1.518437       1.313619       1.570815    
   1.535890       1.413876       1.570814    
   1.553343       1.355955       1.570817    
   1.570796       1.296666       1.570816    
   1.588250       1.355829       1.570816    
   1.605703       1.414405       1.570814    
   1.623156       1.313746       1.570815    
   1.640610       1.195468       1.570819    
   1.658063       1.221613       1.570817    
   1.675516       1.286430       1.570817    
   1.692969       1.306659       1.570816    
   1.710423       1.305097       1.570816    
   1.727876       1.278974       1.570816    
   1.745329       1.209390       1.570818    
   1.762783       1.173340       1.570818    
   1.780236       1.286400       1.570815    
   1.797689       1.377908       1.570814    
   1.815143       1.315939       1.570815    
   1.832596       1.252567       1.570816    
   1.850049       1.303316       1.570816    
   1.867502       1.353923       1.570815    
   1.884956       1.251395       1.570815    
   1.902409       1.137424       1.570818    
   1.919862       1.150551       1.570817    
   1.937316       1.206997       1.570817    
   1.954769       1.218573       1.570816    
   1.972222       1.214473       1.570815    
   1.989675       1.184652       1.570816    
   2.007129       1.114742       1.570819    
   2.024582       1.070831       1.570818    
   2.042035       1.171678       1.570815    
   2.059489       1.246763       1.570814    
   2.076942       1.186634       1.570816    
   2.094395       1.123160       1.570816    
   2.111848       1.161750       1.570817    
   2.129302       1.202908       1.570814    
   2.146755       1.104010       1.570815    
   2.164208       1.001076       1.570818    
   2.181662       1.001280       1.570818    
   2.199115       1.044140       1.570817    
   2.216568       1.048015       1.570816    
   2.234021       1.041130       1.570816    
   2.251475       1.008970       1.570816    
   2.268928      0.9441487       1.570818    
   2.286381      0.8941659       1.570818    
   2.303835      0.9765814       1.570815    
   2.321288       1.031480       1.570813    
   2.338741      0.9761422       1.570816    
   2.356194      0.9169651       1.570816    
   2.373648      0.9409966       1.570816    
   2.391101      0.9686524       1.570815    
   2.408554      0.8811665       1.570814    
   2.426008      0.7963905       1.570818    
   2.443461      0.7832128       1.570818    
   2.460914      0.8104364       1.570817    
   2.478368      0.8058901       1.570816    
   2.495821      0.7972496       1.570816    
   2.513274      0.7649148       1.570815    
   2.530727      0.7096688       1.570817    
   2.548181      0.6583911       1.570818    
   2.565634      0.7153870       1.570815    
   2.583087      0.7458650       1.570815    
   2.600541      0.6994249       1.570816    
   2.617994      0.6483890       1.570815    
   2.635447      0.6564674       1.570815    
   2.652900      0.6683967       1.570813    
   2.670354      0.5983725       1.570815    
   2.687807      0.5377563       1.570818    
   2.705260      0.5120407       1.570817    
   2.722714      0.5218938       1.570816    
   2.740167      0.5089539       1.570817    
   2.757620      0.4988091       1.570815    
   2.775074      0.4685370       1.570814    
   2.792527      0.4262432       1.570817    
   2.809980      0.3765021       1.570817    
   2.827433      0.4052235       1.570814    
   2.844887      0.4087480       1.570812    
   2.862340      0.3749174       1.570816    
   2.879793      0.3356232       1.570815    
   2.897247      0.3268942       1.570816    
   2.914700      0.3232106       1.570815    
   2.932153      0.2747687       1.570814    
   2.949607      0.2424715       1.570817    
   2.967060      0.2061796       1.570819    
   2.984513      0.1973816       1.570812    
   3.001966      0.1774243       1.570813    
   3.019420      0.1663534       1.570817    
   3.036873      0.1403196       1.570814    
   3.054326      0.1138938       1.570818    
   3.071780      6.9582805E-02   1.570814    
   3.089233      6.7462780E-02   1.570819    
   3.106686      4.4595685E-02   1.570808    
   3.124139      2.4956113E-02   1.570814    
   3.141593      7.7806282E-05  -1.573235    
