  0.0000000E+00   3.251427      -2.137353    
  1.7453292E-02   3.250377      -2.137028    
  3.4906585E-02   3.247221      -2.136046    
  5.2359879E-02   3.241972      -2.134412    
  6.9813170E-02   3.234649      -2.132117    
  8.7266468E-02   3.225272      -2.129155    
  0.1047198       3.213879      -2.125524    
  0.1221731       3.200499      -2.121206    
  0.1396263       3.185177      -2.116194    
  0.1570796       3.167980      -2.110484    
  0.1745329       3.148942      -2.104049    
  0.1919862       3.128151      -2.096884    
  0.2094395       3.105669      -2.088965    
  0.2268928       3.081580      -2.080275    
  0.2443461       3.055967      -2.070797    
  0.2617994       3.028929      -2.060505    
  0.2792527       3.000566      -2.049378    
  0.2967060       2.970985      -2.037393    
  0.3141593       2.940316      -2.024521    
  0.3316126       2.908672      -2.010740    
  0.3490659       2.876188      -1.996017    
  0.3665192       2.843000      -1.980334    
  0.3839725       2.809269      -1.963650    
  0.4014257       2.775132      -1.945950    
  0.4188790       2.740771      -1.927208    
  0.4363323       2.706335      -1.907386    
  0.4537856       2.672015      -1.886475    
  0.4712389       2.637984      -1.864449    
  0.4886922       2.604432      -1.841292    
  0.5061455       2.571552      -1.816996    
  0.5235988       2.539534      -1.791553    
  0.5410521       2.508586      -1.764964    
  0.5585054       2.478890      -1.737239    
  0.5759587       2.450663      -1.708397    
  0.5934120       2.424094      -1.678465    
  0.6108653       2.399378      -1.647480    
  0.6283185       2.376689      -1.615504    
  0.6457719       2.356212      -1.582589    
  0.6632251       2.338115      -1.548816    
  0.6806784       2.322547      -1.514267    
  0.6981317       2.309637      -1.479047    
  0.7155850       2.299496      -1.443272    
  0.7330383       2.292225      -1.407055    
  0.7504916       2.287899      -1.370526    
  0.7679449       2.286556      -1.333818    
  0.7853982       2.288218      -1.297066    
  0.8028514       2.292886      -1.260406    
  0.8203048       2.300532      -1.223970    
  0.8377581       2.311097      -1.187889    
  0.8552114       2.324515      -1.152282    
  0.8726646       2.340683      -1.117263    
  0.8901180       2.359481      -1.082932    
  0.9075713       2.380787      -1.049380    
  0.9250245       2.404447      -1.016683    
  0.9424778       2.430311     -0.9849092    
  0.9599311       2.458208     -0.9541075    
  0.9773844       2.487959     -0.9243199    
  0.9948377       2.519393     -0.8955741    
   1.012291       2.552334     -0.8678926    
   1.029744       2.586594     -0.8412795    
   1.047198       2.622001     -0.8157389    
   1.064651       2.658373     -0.7912643    
   1.082104       2.695544     -0.7678438    
   1.099558       2.733345     -0.7454578    
   1.117011       2.771613     -0.7240884    
   1.134464       2.810199     -0.7037093    
   1.151917       2.848944     -0.6842906    
   1.169371       2.887722     -0.6658117    
   1.186824       2.926383     -0.6482295    
   1.204277       2.964809     -0.6315236    
   1.221731       3.002881     -0.6156594    
   1.239184       3.040478     -0.6006081    
   1.256637       3.077500     -0.5863357    
   1.274090       3.113852     -0.5728147    
   1.291544       3.149434     -0.5600148    
   1.308997       3.184165     -0.5479087    
   1.326450       3.217969     -0.5364685    
   1.343904       3.250767     -0.5256686    
   1.361357       3.282499     -0.5154821    
   1.378810       3.313102     -0.5058870    
   1.396263       3.342518     -0.4968621    
   1.413717       3.370705     -0.4883797    
   1.431170       3.397610     -0.4804268    
   1.448623       3.423205     -0.4729786    
   1.466077       3.447448     -0.4660171    
   1.483530       3.470312     -0.4595302    
   1.500983       3.491777     -0.4534964    
   1.518437       3.511813     -0.4479023    
   1.535890       3.530408     -0.4427352    
   1.553343       3.547554     -0.4379776    
   1.570796       3.563238     -0.4336221    
   1.588250       3.577461     -0.4296521    
   1.605703       3.590214     -0.4260617    
   1.623156       3.601505     -0.4228347    
   1.640610       3.611339     -0.4199662    
   1.658063       3.619729     -0.4174464    
   1.675516       3.626683     -0.4152625    
   1.692969       3.632216     -0.4134131    
   1.710423       3.636344     -0.4118882    
   1.727876       3.639091     -0.4106801    
   1.745329       3.640476     -0.4097860    
   1.762783       3.640532     -0.4091933    
   1.780236       3.639277     -0.4089023    
   1.797689       3.636748     -0.4089060    
   1.815143       3.632975     -0.4091983    
   1.832596       3.627987     -0.4097771    
   1.850049       3.621821     -0.4106366    
   1.867502       3.614518     -0.4117731    
   1.884956       3.606113     -0.4131821    
   1.902409       3.596646     -0.4148611    
   1.919862       3.586160     -0.4168069    
   1.937316       3.574696     -0.4190139    
   1.954769       3.562299     -0.4214811    
   1.972222       3.549012     -0.4242024    
   1.989675       3.534882     -0.4271773    
   2.007129       3.519951     -0.4304030    
   2.024582       3.504273     -0.4338735    
   2.042035       3.487888     -0.4375876    
   2.059489       3.470846     -0.4415422    
   2.076942       3.453199     -0.4457318    
   2.094395       3.434991     -0.4501542    
   2.111848       3.416268     -0.4548054    
   2.129302       3.397084     -0.4596820    
   2.146755       3.377487     -0.4647779    
   2.164208       3.357521     -0.4700907    
   2.181662       3.337237     -0.4756148    
   2.199115       3.316679     -0.4813441    
   2.216568       3.295898     -0.4872752    
   2.234021       3.274934     -0.4933984    
   2.251475       3.253836     -0.4997135    
   2.268928       3.232654     -0.5062097    
   2.286381       3.211420     -0.5128803    
   2.303835       3.190186     -0.5197181    
   2.321288       3.168989     -0.5267166    
   2.338741       3.147868     -0.5338649    
   2.356194       3.126868     -0.5411553    
   2.373648       3.106015     -0.5485787    
   2.391101       3.085362     -0.5561240    
   2.408554       3.064923     -0.5637818    
   2.426008       3.044749     -0.5715399    
   2.443461       3.024864     -0.5793872    
   2.460914       3.005292     -0.5873119    
   2.478368       2.986067     -0.5953013    
   2.495821       2.967226     -0.6033421    
   2.513274       2.948775     -0.6114215    
   2.530727       2.930745     -0.6195236    
   2.548181       2.913150     -0.6276379    
   2.565634       2.896013     -0.6357459    
   2.583087       2.879357     -0.6438351    
   2.600541       2.863187     -0.6518887    
   2.617994       2.847525     -0.6598914    
   2.635447       2.832372     -0.6678281    
   2.652900       2.817752     -0.6756828    
   2.670354       2.803661     -0.6834394    
   2.687807       2.790110     -0.6910820    
   2.705260       2.777104     -0.6985950    
   2.722714       2.764642     -0.7059627    
   2.740167       2.752738     -0.7131680    
   2.757620       2.741380     -0.7201973    
   2.775074       2.730563     -0.7270357    
   2.792527       2.720313     -0.7336640    
   2.809980       2.710599     -0.7400727    
   2.827433       2.701432     -0.7462437    
   2.844887       2.692810     -0.7521656    
   2.862340       2.684717     -0.7578250    
   2.879793       2.677154     -0.7632083    
   2.897247       2.670119     -0.7683042    
   2.914700       2.663602     -0.7730998    
   2.932153       2.657597     -0.7775862    
   2.949607       2.652100     -0.7817517    
   2.967060       2.647106     -0.7855874    
   2.984513       2.642600     -0.7890861    
   3.001966       2.638591     -0.7922366    
   3.019420       2.635063     -0.7950344    
   3.036873       2.632021     -0.7974710    
   3.054326       2.629460     -0.7995403    
   3.071780       2.627359     -0.8012428    
   3.089233       2.625731     -0.8025713    
   3.106686       2.624574     -0.8035208    
   3.124139       2.623876     -0.8040917    
   3.141593       2.623646     -0.8042819    
